    0/5999        0G    0.1248   0.09823    0.1049    0.3279        21       640         0         0         0         0    0.1236    0.1185    0.1059
    1/5999        0G    0.1242    0.1026    0.1043    0.3311        37       640         0         0         0         0    0.1217    0.1236    0.1053
    2/5999        0G     0.121    0.1135    0.1035    0.3381        36       640         0         0         0         0    0.1197    0.1284    0.1049
    3/5999        0G      0.12     0.116    0.1038    0.3398        22       640         0         0         0         0     0.118    0.1315    0.1046
    4/5999        0G    0.1178    0.1328    0.1038    0.3544        63       640   0.03392  0.001541 2.574e-06 5.148e-07    0.1162    0.1332    0.1044
    5/5999        0G    0.1159    0.1189    0.1035    0.3383        34       640   0.03402  0.002639 6.442e-06 1.213e-06    0.1144    0.1329    0.1042
    6/5999        0G    0.1139    0.1247    0.1043     0.343        24       640    0.2422  0.001055 0.0002311  6.66e-05    0.1129    0.1286    0.1042
    7/5999        0G    0.1131    0.1266    0.1031    0.3428        86       640     0.395  0.001683 0.0004262 0.0001463    0.1108    0.1233    0.1044
    8/5999        0G    0.1114    0.1043    0.1039    0.3196        39       640  0.002419   0.03149 0.0006373 0.0001326    0.1077    0.1197    0.1049
    9/5999        0G    0.1082    0.1136    0.1046    0.3263        18       640   0.07156   0.03641  0.001414  0.000232    0.1046     0.115    0.1058
   10/5999        0G    0.1068    0.1165     0.105    0.3283        60       640  0.005342   0.03767  0.002437 0.0005303    0.1009     0.111    0.1065
   11/5999        0G    0.1036   0.09855    0.1046    0.3067        41       640    0.1425   0.02281  0.002332 0.0006584   0.09579    0.1075    0.1061
   12/5999        0G     0.101    0.1079    0.1043    0.3132        73       640  0.006656   0.02591   0.00172 0.0006065   0.09256    0.1078    0.1064
   13/5999        0G   0.09894    0.1031     0.104     0.306        86       640  0.005082   0.02759 0.0008662 0.0002684   0.08897    0.1063    0.1055
   14/5999        0G   0.09303   0.09136    0.1037    0.2881        27       640   0.03958   0.05044  0.002021 0.0005956   0.08397     0.104    0.1046
   15/5999        0G   0.09382    0.1016    0.1032    0.2987        64       640    0.1268   0.03917  0.002296 0.0006399   0.08144    0.1057     0.105
   16/5999        0G   0.08671    0.1031    0.1023    0.2921        61       640    0.1462   0.05064  0.003352  0.001029   0.07833     0.103    0.1041
   17/5999        0G    0.0838    0.1015    0.1018    0.2871        55       640   0.08255   0.06652  0.004293  0.001376   0.07675    0.1015    0.1032
   18/5999        0G   0.08069   0.09738    0.1017    0.2798        54       640   0.02533   0.08521  0.003964  0.001601   0.07219    0.1012    0.1029
   19/5999        0G    0.0792   0.09427    0.1025     0.276        28       640    0.0965    0.1201  0.007191  0.003233   0.06928   0.09733     0.102
   20/5999        0G   0.07777   0.09493    0.1009    0.2736        36       640   0.06296    0.1268  0.007203  0.002995    0.0705   0.09503     0.101
   21/5999        0G   0.07497   0.09867   0.09931    0.2729        66       640    0.1489   0.08796  0.006392  0.002586   0.07649   0.09557    0.1011
   22/5999        0G   0.07294   0.08765   0.09999    0.2606        39       640   0.01911    0.1836   0.01513  0.005041   0.07007   0.09434   0.09984
   23/5999        0G   0.07479   0.09206   0.09853    0.2654        43       640     0.017    0.1854   0.01297  0.004753   0.07474   0.09276   0.09964
   24/5999        0G   0.07459   0.09635   0.09799    0.2689        75       640    0.1271    0.1572   0.01568  0.006261   0.06689   0.09072   0.09941
   25/5999        0G   0.07258   0.08909   0.09891    0.2606        41       640   0.03841    0.2427   0.01735  0.006595   0.06488   0.08906   0.09861
   26/5999        0G   0.07331   0.08383   0.09849    0.2556        21       640    0.0395    0.2205   0.01656  0.006078   0.06616   0.08728   0.09777
   27/5999        0G   0.07033   0.09055   0.09744    0.2583        33       640   0.07833    0.2179   0.02693  0.009548   0.06436   0.08747   0.09713
   28/5999        0G   0.08001   0.08379   0.09718     0.261        46       640   0.01465    0.1988   0.01591  0.005283   0.08396   0.09408   0.09602
   29/5999        0G   0.08194   0.09384   0.09673    0.2725        58       640   0.01641    0.2553   0.01809  0.006533   0.07624   0.09052   0.09583
   30/5999        0G   0.07717   0.09077   0.09694    0.2649        31       640    0.0628    0.1422   0.01532  0.004833   0.07604   0.08925   0.09588
   31/5999        0G    0.0739   0.09051    0.0958    0.2602        55       640    0.0407    0.2599   0.02384  0.009369   0.06489   0.08499   0.09604
   32/5999        0G   0.07539   0.08107   0.09596    0.2524        35       640   0.02309    0.2253    0.0227  0.007277    0.0692   0.08709   0.09495
   33/5999        0G   0.07257   0.08917   0.09493    0.2567        67       640   0.09221    0.2359   0.01972  0.005852   0.07126   0.08497   0.09516
   34/5999        0G   0.07384   0.08499   0.09459    0.2534        52       640   0.02839     0.388   0.04474    0.0156   0.06005   0.08444   0.09446
   35/5999        0G   0.07202   0.09461   0.09463    0.2613        63       640   0.03271    0.2104   0.02032  0.004468    0.0697   0.08538   0.09392
   36/5999        0G   0.07233   0.08208   0.09381    0.2482        34       640   0.02273    0.3235   0.04075    0.0162   0.05702   0.08271   0.09368
   37/5999        0G   0.07065   0.08196   0.09403    0.2466        23       640    0.0544    0.3193   0.04206   0.01523   0.06064   0.08086   0.09319
   38/5999        0G   0.06946   0.08162   0.09471    0.2458        19       640    0.1078    0.1107   0.03178   0.01024   0.06926   0.08726   0.09268
   39/5999        0G   0.07414   0.08076   0.09252    0.2474        51       640    0.1026    0.2186   0.02316  0.008784   0.07624   0.07865   0.09219
   40/5999        0G   0.07547   0.08101   0.09294    0.2494        32       640   0.02568      0.34   0.01966   0.00791   0.06551   0.07928   0.09194
   41/5999        0G   0.07267   0.08377   0.09306    0.2495        64       640   0.01795    0.2133   0.01615  0.005041   0.07215   0.08165   0.09174
   42/5999        0G   0.07354   0.07844   0.09302     0.245        66       640    0.1377    0.1133   0.03453  0.007219   0.07173   0.08597   0.09125
   43/5999        0G   0.07728   0.08469   0.09353    0.2555        82       640    0.2713     0.193   0.08802   0.03158   0.06641   0.08064   0.09092
   44/5999        0G   0.07018   0.08203   0.09249    0.2447        34       640   0.07374    0.2904   0.04629   0.01235   0.06372   0.08211   0.09085
   45/5999        0G   0.06699   0.07864   0.09193    0.2376        38       640    0.0367    0.3985   0.06886   0.02293   0.05774   0.08011   0.09076
   46/5999        0G    0.0639   0.07448   0.09041    0.2288        47       640    0.4797    0.1441   0.08523   0.02244   0.06225   0.08233   0.09003
   47/5999        0G   0.06779   0.07885   0.09168    0.2383        28       640   0.01541    0.2648    0.0157  0.005001   0.07556   0.08031   0.08995
   48/5999        0G   0.07552   0.07865   0.08998    0.2441        75       640   0.06121    0.4147   0.08778   0.02609   0.05851   0.07775   0.08971
   49/5999        0G   0.06609   0.08629   0.09143    0.2438        78       640   0.05518    0.3866   0.03734  0.009116   0.06641   0.07763   0.08941
   50/5999        0G   0.06916   0.08645   0.08901    0.2446        46       640   0.05838    0.3521   0.04522   0.01487   0.06369    0.0771   0.08906
   51/5999        0G   0.06599      0.08   0.09126    0.2372        26       640   0.08619    0.3645   0.05961   0.02392   0.05428   0.07514   0.08911
   52/5999        0G   0.06662   0.07759   0.08962    0.2338        22       640    0.1028    0.2567   0.07803   0.02694    0.0668   0.07813   0.08912
   53/5999        0G   0.06736   0.07722    0.0901    0.2347        43       640    0.2142    0.2391    0.1154   0.04204   0.05553    0.0731   0.08872
   54/5999        0G   0.06833   0.07495   0.08957    0.2328        28       640    0.1572    0.1774   0.04788   0.01902   0.07103    0.0755   0.08842
   55/5999        0G   0.06985   0.07818    0.0911    0.2391        39       640    0.0958    0.3726   0.09811   0.04149   0.05529   0.07503   0.08856
   56/5999        0G    0.0642   0.07124   0.08993    0.2254        38       640   0.03283    0.4113   0.08101   0.02523   0.05516   0.07404   0.08828
   57/5999        0G   0.06343   0.07941   0.08936    0.2322        41       640    0.9512   0.05687   0.08997   0.03556   0.05661   0.07229   0.08806
   58/5999        0G   0.06089   0.07834   0.08904    0.2283        43       640    0.2343    0.2077   0.05567   0.01892   0.06374   0.07337   0.08774
   59/5999        0G   0.06611   0.07609   0.09005    0.2323        63       640    0.2322    0.2464    0.1252   0.06585   0.05477   0.07418   0.08765
   60/5999        0G   0.06429   0.07575   0.08761    0.2276        51       640    0.4061    0.1848     0.124   0.05912    0.0573   0.07374   0.08742
   61/5999        0G   0.06104   0.07205   0.08908    0.2222        22       640    0.4599    0.1572    0.1123    0.0394   0.06137   0.07686    0.0872
   62/5999        0G   0.06428   0.08274   0.08769    0.2347        48       640     0.231    0.3018    0.1145   0.02969    0.0575   0.07192   0.08691
   63/5999        0G   0.06412   0.07657   0.08795    0.2286        66       640    0.8784    0.0919    0.1383   0.04691   0.05416   0.07319   0.08688
   64/5999        0G   0.06393   0.07735   0.08938    0.2307        67       640    0.5208    0.1567    0.1201   0.05081   0.05319   0.07452   0.08698
   65/5999        0G   0.06758   0.07494   0.08803    0.2305        60       640    0.4012    0.1623    0.1268   0.05371   0.05927    0.0704   0.08659
   66/5999        0G   0.06246   0.07854   0.08799     0.229        77       640   0.04225    0.4354   0.05851   0.02316   0.06281   0.07557   0.08629
   67/5999        0G    0.0655   0.08166   0.08647    0.2336        93       640    0.3893    0.1844    0.1311   0.03926   0.05607   0.06969   0.08613
   68/5999        0G   0.06164   0.06849   0.08772    0.2179        31       640    0.1151    0.3243   0.06051   0.02438   0.06694   0.07207   0.08579
   69/5999        0G   0.06898   0.07163   0.08627    0.2269        63       640    0.3833    0.1897    0.1021   0.04746   0.06174   0.07315   0.08597
   70/5999        0G   0.06354   0.07404   0.08708    0.2247        35       640      0.15      0.29   0.08944   0.02462   0.05848   0.07074   0.08585
   71/5999        0G   0.06594   0.07621   0.08557    0.2277        66       640    0.1802    0.3178    0.1065   0.03595   0.05008   0.06819   0.08571
   72/5999        0G   0.05969   0.07178   0.08743    0.2189        29       640    0.9432   0.09052    0.1288   0.03603   0.06376   0.07507   0.08557
   73/5999        0G   0.06532   0.07234   0.08737     0.225        29       640    0.9295   0.09495    0.1339   0.06563   0.04946   0.06889   0.08536
   74/5999        0G   0.05612   0.07148     0.086    0.2136        45       640    0.9209    0.1172    0.1438    0.0787   0.04916   0.06795   0.08498
   75/5999        0G   0.05888   0.06512     0.088     0.212        31       640    0.5137    0.1288   0.07074   0.02705   0.06024   0.06892   0.08473
   76/5999        0G   0.06058   0.06316   0.08629      0.21        13       640      0.86    0.1142    0.1464   0.08523   0.04391   0.06612   0.08488
   77/5999        0G   0.05807   0.07249   0.08567    0.2162        30       640    0.8101    0.1005    0.1045   0.03154   0.05766   0.07389   0.08465
   78/5999        0G   0.05725   0.06187   0.08766    0.2068        14       640    0.7795    0.1375    0.1541   0.07378   0.04589   0.06515   0.08459
   79/5999        0G   0.05696   0.07236   0.08741    0.2167        25       640     0.245    0.3251    0.1248   0.03483    0.0596   0.07165   0.08409
   80/5999        0G   0.06221   0.07052   0.08607    0.2188        44       640     0.963    0.1141    0.1567   0.08326   0.04959    0.0648   0.08403
   81/5999        0G   0.05722   0.06774   0.08643    0.2114        29       640    0.9739    0.1068    0.1536   0.05012   0.05558   0.06803    0.0839
   82/5999        0G   0.05941   0.06864   0.08393     0.212        47       640    0.9653    0.1061    0.1522   0.05546   0.04782   0.06698   0.08396
   83/5999        0G   0.05013   0.06058   0.08602    0.1967        15       640    0.9733    0.1032    0.1669   0.08937   0.04244   0.06103   0.08385
   84/5999        0G   0.06054   0.07985   0.08218    0.2226        98       640    0.3862    0.1905   0.09825   0.02909   0.07209   0.08352   0.08355
   85/5999        0G   0.07182   0.07202   0.08594    0.2298        27       640    0.9611    0.1061    0.1638   0.08438   0.05755   0.06901   0.08352
   86/5999        0G   0.06387   0.08273   0.08393    0.2305        55       640    0.9356    0.1022    0.1446   0.04758   0.06544   0.08694   0.08343
   87/5999        0G   0.07095     0.084   0.08511    0.2401        61       640    0.9756   0.09297    0.1523   0.08073   0.06486   0.07652   0.08343
   88/5999        0G   0.06981   0.08078   0.08524    0.2358        57       640    0.9612    0.1123    0.1678   0.06584   0.06406   0.07433   0.08335
   89/5999        0G   0.06746   0.07551   0.08586    0.2288        35       640    0.9624    0.1169     0.159   0.08715   0.05364   0.06964   0.08326
   90/5999        0G   0.06725   0.07832   0.08554    0.2311        75       640    0.9846    0.1026    0.1751   0.08596   0.06672   0.08242   0.08368
   91/5999        0G   0.07236   0.07577   0.08472    0.2328        52       640    0.9722    0.1138    0.1781   0.05474   0.05728   0.07112   0.08366
   92/5999        0G   0.06205   0.08035   0.08629    0.2287        48       640    0.9661    0.1156    0.1703    0.0844   0.05249   0.07126   0.08385
   93/5999        0G   0.05939   0.07432    0.0861    0.2198        42       640    0.9645     0.104    0.1783   0.08576   0.04785   0.06895   0.08361
   94/5999        0G   0.06644   0.07228   0.08552    0.2242        56       640    0.1337    0.2811   0.07009   0.02903   0.07388   0.07847   0.08361
   95/5999        0G   0.07378   0.06773    0.0866    0.2281        17       640    0.9223    0.1186    0.1506   0.05286   0.05916   0.06734   0.08373
   96/5999        0G   0.06266   0.06736   0.08671    0.2167        60       640    0.1844    0.3793    0.1352   0.06789   0.05294   0.06828    0.0835
   97/5999        0G   0.06129   0.07148   0.08399    0.2168        49       640    0.5857    0.2487    0.1805   0.07285   0.05592    0.0714   0.08303
   98/5999        0G   0.06053   0.07385   0.08529    0.2197        32       640    0.9624    0.1119    0.1697   0.06777   0.05946   0.07293   0.08278
   99/5999        0G   0.06361   0.06688   0.08603    0.2165        15       640    0.9779    0.1109    0.1869    0.0792   0.05397   0.07153   0.08253
  100/5999        0G   0.07169   0.07057   0.08176     0.224        71       640    0.3466      0.21   0.09547    0.0355   0.06717    0.0693    0.0825
  101/5999        0G   0.06852   0.06478   0.08609    0.2194        12       640    0.3526    0.2211    0.1225   0.04505   0.05744     0.068   0.08254
  102/5999        0G   0.06012   0.06763   0.08475    0.2125        41       640     0.975   0.09131    0.1731   0.07562   0.05326   0.06906   0.08256
  103/5999        0G   0.06029   0.07417   0.08327    0.2177        75       640    0.9858    0.1051    0.1915   0.07365   0.05528   0.06932   0.08242
  104/5999        0G   0.06047   0.07192   0.08428    0.2167        41       640    0.9795   0.08635    0.1693   0.05351   0.05347   0.06877   0.08259
  105/5999        0G   0.06602   0.06843   0.08545    0.2199        44       640    0.9668    0.1014      0.17   0.06742   0.05922   0.06834    0.0824
  106/5999        0G   0.06172   0.07036   0.08345    0.2155        38       640    0.9916   0.09864     0.191   0.08068   0.05303   0.06751   0.08217
  107/5999        0G   0.05972   0.06715    0.0843    0.2112        43       640    0.9006    0.1521    0.1971   0.08159   0.04792   0.06674   0.08196
  108/5999        0G   0.05698   0.06003   0.08584    0.2028        22       640    0.9046    0.1521    0.1884   0.09613   0.04976   0.06578   0.08184
  109/5999        0G    0.0602   0.06752   0.08414    0.2119        48       640     0.899    0.1531    0.1847   0.07631   0.04912   0.06831   0.08185
  110/5999        0G   0.05643    0.0673   0.08408    0.2078        35       640    0.8571    0.1275    0.1228   0.04162   0.04998   0.06597    0.0819
  111/5999        0G   0.05838   0.06939   0.08349    0.2113        42       640    0.9203    0.1281     0.148   0.05464   0.05031   0.07088   0.08217
  112/5999        0G   0.05833   0.07333   0.08366    0.2153        46       640    0.9322    0.1377     0.168   0.07133   0.04969   0.06412   0.08226
  113/5999        0G    0.0595   0.07309   0.08536    0.2179        41       640    0.9731    0.1094    0.1606   0.06248   0.05322   0.07132   0.08206
  114/5999        0G   0.06017   0.07064   0.08404    0.2149        20       640    0.8932    0.1296    0.1378     0.047   0.05249   0.06864   0.08203
  115/5999        0G   0.06124   0.07004   0.08403    0.2153        51       640    0.8958    0.1452    0.1671   0.08512   0.04857   0.06467    0.0818
  116/5999        0G   0.05979   0.07269   0.08053     0.213        84       640    0.9107    0.1491    0.1708   0.06865   0.04733   0.06826   0.08156
  117/5999        0G   0.05797   0.06822   0.08006    0.2063        62       640    0.9428    0.1368    0.1883   0.09745   0.04664   0.06384   0.08125
  118/5999        0G   0.05527   0.07407   0.08209    0.2114        63       640    0.9669    0.1304    0.1779   0.07691   0.04671   0.06357   0.08095
  119/5999        0G   0.06084   0.07407   0.07839    0.2133        83       640    0.9519    0.1295    0.1771   0.06302   0.05378   0.06723   0.08074
  120/5999        0G   0.06151   0.06683   0.08249    0.2108        53       640    0.9527    0.1138    0.1598   0.06655   0.05056   0.06441   0.08072
  121/5999        0G   0.05622   0.07105   0.08156    0.2088        57       640    0.9863    0.1105    0.1845   0.08873   0.04805   0.06691   0.08076
  122/5999        0G   0.05632   0.07125   0.08132    0.2089        27       640    0.9472    0.1144    0.1536   0.05397   0.05042   0.06767   0.08078
  123/5999        0G   0.05857    0.0613   0.08337    0.2032        24       640    0.9692    0.1277    0.1934   0.08467   0.04979   0.06435   0.08102
  124/5999        0G   0.05734   0.07483   0.08023    0.2124        79       640    0.9753    0.1309      0.19   0.08458    0.0439   0.06579   0.08099
  125/5999        0G   0.05653   0.07096   0.08394    0.2114        62       640    0.9772    0.1355    0.1895    0.1014   0.05379   0.06818   0.08113
  126/5999        0G   0.05799   0.06984   0.08313     0.211        41       640     0.977    0.1296    0.1772   0.07259   0.04677   0.06523    0.0809
  127/5999        0G   0.05768   0.06733   0.08302     0.208        26       640    0.9774    0.1317    0.1888   0.09013   0.05017   0.06486   0.08071
  128/5999        0G   0.05709   0.07543   0.08269    0.2152        53       640    0.9915    0.1268    0.1915     0.107   0.04673   0.06651   0.08051
  129/5999        0G   0.05864    0.0726   0.08149    0.2127        76       640    0.9816    0.1344      0.19   0.08914   0.04533   0.06118   0.08043
  130/5999        0G   0.05968   0.06964   0.08221    0.2115        56       640    0.9527    0.1266    0.1545   0.05685   0.04949    0.0645   0.08026
  131/5999        0G   0.05773   0.06515   0.08311     0.206        44       640    0.9678    0.1164    0.1775   0.08002   0.05671   0.06914   0.08014
  132/5999        0G    0.0619   0.06353    0.0822    0.2076        27       640    0.9537     0.118    0.1843   0.08091   0.04874   0.06383   0.08019
  133/5999        0G   0.05718    0.0651   0.08111    0.2034        64       640    0.9684     0.129     0.196   0.08978   0.05061   0.06345   0.08022
  134/5999        0G   0.05511   0.06388     0.078     0.197        44       640    0.9597    0.1277     0.198    0.1104   0.04804   0.06399   0.07997
  135/5999        0G   0.05513   0.05941   0.08242     0.197        31       640    0.9623    0.1114    0.1932    0.1193   0.04193   0.05824   0.08008
  136/5999        0G   0.05255   0.06952   0.08052    0.2026        78       640    0.9653    0.1233    0.1949   0.08548   0.04403   0.06336   0.08008
  137/5999        0G   0.05126   0.06164   0.08168    0.1946        19       640    0.9474    0.1024    0.1742   0.09153   0.04831   0.06294   0.07975
  138/5999        0G   0.05258   0.06644   0.07773    0.1967        94       640     0.971    0.1196    0.1938    0.1268   0.03928   0.05888   0.07963
  139/5999        0G    0.0608   0.06537   0.08189    0.2081        34       640    0.9732    0.1176    0.1876   0.06847   0.05882   0.07102   0.07956
  140/5999        0G    0.0658   0.07127   0.08111    0.2182        51       640    0.9597     0.117    0.1636   0.06674   0.05607   0.07406   0.07952
  141/5999        0G   0.06084   0.07787   0.08297    0.2217        25       640    0.9681     0.124    0.1995     0.089   0.04844   0.06741   0.07966
  142/5999        0G   0.05067   0.06495   0.08198    0.1976        19       640    0.9747    0.1303    0.1905    0.1073   0.05085   0.07647   0.07974
  143/5999        0G   0.05827   0.07965   0.08014    0.2181        68       640    0.9732    0.1145    0.1978   0.06149   0.04855   0.06535   0.07986
  144/5999        0G   0.05587   0.08205    0.0803    0.2182        63       640    0.9514    0.1325    0.1739   0.08044   0.04897   0.07037   0.07975
  145/5999        0G   0.06191   0.07546   0.08165     0.219        17       640    0.9598    0.1341    0.1812   0.09164   0.04899   0.06795   0.07979
  146/5999        0G   0.05608   0.06761   0.08085    0.2045        66       640    0.9614    0.1261    0.1912    0.1126    0.0418   0.06178   0.07968
  147/5999        0G   0.05313   0.06277   0.08217    0.1981        32       640    0.9714    0.1292    0.1935    0.1146   0.04439   0.06187   0.07948
  148/5999        0G   0.05542    0.0608    0.0816    0.1978        44       640    0.9688    0.1344    0.1951   0.08611   0.05644   0.06913   0.07907
  149/5999        0G   0.06642   0.07594   0.08088    0.2232        70       640    0.9782    0.1356    0.2097       0.1   0.05105   0.06884   0.07915
  150/5999        0G   0.05873   0.07322   0.08124    0.2132        58       640    0.9706    0.1341    0.1984   0.07896   0.05208   0.07062   0.07928
  151/5999        0G   0.06388   0.07329   0.08059    0.2178        61       640    0.8838    0.1142    0.1193   0.05825   0.05334   0.06646   0.07955
  152/5999        0G   0.06281    0.0768   0.08152    0.2211        73       640    0.8625    0.1718    0.1504   0.05934   0.05484   0.06568   0.07954
  153/5999        0G   0.06149   0.06847   0.08043    0.2104        44       640    0.9794    0.1338    0.1999     0.098    0.0499   0.06429   0.07964
  154/5999        0G   0.05771   0.06387   0.08192    0.2035        62       640     0.968     0.132    0.2019     0.109   0.05081   0.06579   0.07952
  155/5999        0G   0.05673   0.06173   0.08066    0.1991        18       640    0.9653    0.1334    0.2006   0.07638   0.04843   0.06627    0.0795
  156/5999        0G   0.05568    0.0713   0.08026    0.2072        44       640    0.9271    0.1493    0.1943   0.09234    0.0483   0.06505   0.07924
  157/5999        0G   0.05807   0.07754   0.08025    0.2159        44       640      0.97     0.133    0.2018   0.08298   0.04646   0.06393   0.07912
  158/5999        0G   0.05001   0.06797   0.07928    0.1973        36       640    0.9771    0.1354    0.2095    0.1148   0.04795   0.07093   0.07871
  159/5999        0G   0.05305   0.07018   0.08085    0.2041        34       640    0.9731    0.1356    0.2139    0.1136   0.03976   0.06047    0.0787
  160/5999        0G    0.0496   0.06829   0.07806    0.1959        58       640    0.9709    0.1344    0.2183   0.09878   0.04644   0.06448   0.07848
  161/5999        0G   0.05705   0.07188   0.07997    0.2089        51       640    0.9782    0.1278    0.2237   0.08321   0.04734   0.06722   0.07854
  162/5999        0G   0.05608   0.06825   0.07828    0.2026        71       640     0.968     0.107    0.1972   0.07186   0.05017   0.07253    0.0788
  163/5999        0G   0.05684   0.06683   0.07872    0.2024        75       640    0.9593    0.1138    0.1753   0.09065    0.0453   0.07321   0.07897
  164/5999        0G   0.05257   0.06877   0.08017    0.2015        34       640    0.9583    0.1309    0.1868    0.1033   0.04805   0.06733   0.07843
  165/5999        0G   0.05397   0.06136   0.07955    0.1949        21       640    0.9623    0.1319    0.1989    0.0934   0.04527   0.06159   0.07842
  166/5999        0G   0.05066    0.0681   0.07831    0.1971        51       640     0.944    0.1341    0.2045   0.08763   0.04971   0.06425   0.07826
  167/5999        0G   0.05608   0.06745   0.07791    0.2014        80       640    0.9818    0.1345    0.2187    0.1311   0.04431    0.0595   0.07815
  168/5999        0G   0.05342     0.063   0.08131    0.1977        41       640    0.9369    0.1332    0.2165    0.1051   0.04991   0.07083   0.07814
  169/5999        0G   0.05707   0.06583   0.08061    0.2035        29       640    0.9269    0.1361    0.2169      0.11   0.04513   0.06211   0.07816
  170/5999        0G   0.05328   0.07011   0.07981    0.2032        62       640    0.8723    0.1322    0.2051    0.1047   0.04813   0.06983   0.07813
  171/5999        0G   0.05332   0.06547   0.08032    0.1991        20       640     0.944    0.1345    0.2115    0.1095   0.04336   0.06282   0.07794
  172/5999        0G    0.0492    0.0667   0.07812     0.194        37       640    0.9485    0.1345    0.2149    0.1245   0.04213   0.06467    0.0776
  173/5999        0G   0.05201   0.06418   0.07951    0.1957        41       640    0.9408    0.1289    0.2023   0.08692   0.04529   0.06192   0.07761
  174/5999        0G   0.05038   0.06619   0.07835    0.1949        85       640    0.9245    0.1515    0.2075    0.1012   0.04702   0.06516   0.07747
  175/5999        0G   0.05962   0.06965   0.07997    0.2092        64       640    0.9797    0.1281    0.2237    0.1224   0.04514   0.06137    0.0775
  176/5999        0G   0.05252    0.0663   0.07898    0.1978        39       640    0.9487     0.147    0.2177    0.1271   0.04183   0.06083   0.07755
  177/5999        0G   0.05061   0.06249   0.07986     0.193        28       640    0.9631    0.1468    0.2249    0.1302   0.04266   0.05922   0.07727
  178/5999        0G   0.04974   0.05588   0.07863    0.1842        28       640    0.9641    0.1469    0.2277      0.12   0.04188   0.06008   0.07721
  179/5999        0G   0.05225    0.0591   0.07836    0.1897        30       640    0.9788    0.1475    0.2292    0.1294   0.04208   0.06141   0.07701
  180/5999        0G   0.05128   0.06841   0.07632     0.196        84       640    0.9315    0.1214    0.2112   0.07831   0.04842   0.06551   0.07708
  181/5999        0G   0.05547   0.06662   0.08035    0.2024        25       640    0.9504    0.1302    0.2163     0.105   0.04597    0.0629   0.07713
  182/5999        0G   0.04965     0.065   0.07907    0.1937        57       640    0.9218    0.1307     0.221    0.1182   0.04323   0.06473    0.0768
  183/5999        0G   0.05334   0.07068   0.07816    0.2022        67       640    0.9269    0.1525    0.2228    0.1179    0.0414   0.06174   0.07674
  184/5999        0G   0.04598   0.06032   0.07674     0.183        31       640    0.9431    0.1524    0.2231    0.1367   0.04197   0.06141   0.07675
  185/5999        0G   0.05142   0.06734   0.07494    0.1937        48       640    0.9381    0.1496    0.2254    0.1378   0.04017   0.06004   0.07694
  186/5999        0G   0.04647   0.06131   0.07913    0.1869        53       640     0.953    0.1479    0.2219    0.1296   0.04229   0.06116   0.07667
  187/5999        0G   0.05323   0.07043   0.07643    0.2001        91       640    0.9301    0.1465    0.2195    0.1231   0.04198   0.06059   0.07643
  188/5999        0G   0.04977   0.06907   0.07706    0.1959        61       640    0.9489    0.1352    0.2128    0.1103   0.04073   0.05717    0.0762
  189/5999        0G   0.05143   0.06184   0.07868     0.192        45       640     0.979    0.1476    0.2308    0.1249   0.03852   0.05871   0.07618
  190/5999        0G   0.04529   0.05761   0.07855    0.1815        32       640    0.9777    0.1424    0.2216    0.1368   0.04203   0.05863   0.07608
  191/5999        0G   0.04995   0.06092   0.07584    0.1867        39       640    0.9699    0.1464    0.2229    0.1271   0.04032   0.05749   0.07598
  192/5999        0G   0.04855   0.06404   0.07815    0.1907        38       640    0.9514    0.1464    0.2236    0.1369   0.04304   0.06172   0.07603
  193/5999        0G   0.04963   0.05947   0.07827    0.1874        20       640    0.9839     0.145    0.2275    0.1333   0.03947   0.05656   0.07601
  194/5999        0G   0.04652   0.06511   0.07558    0.1872        78       640    0.9741    0.1365    0.2289    0.1325   0.04245   0.05834   0.07592
  195/5999        0G   0.05003   0.06649   0.07489    0.1914        41       640    0.9641    0.1515    0.2213    0.1199   0.03962   0.05651   0.07573
  196/5999        0G   0.04852   0.06779   0.07618    0.1925        28       640    0.9677    0.1463    0.2303    0.1452      0.04   0.05861   0.07565
  197/5999        0G   0.04841    0.0622   0.07682    0.1874        47       640    0.9707    0.1402    0.2365    0.1316   0.03868   0.05563   0.07557
  198/5999        0G    0.0475   0.07111   0.07398    0.1926       100       640    0.9833    0.1461    0.2399    0.1442   0.04457   0.06241    0.0755
  199/5999        0G   0.05392   0.06615   0.07644    0.1965        59       640    0.9617    0.1423    0.2299    0.1167   0.04162    0.0597    0.0755
  200/5999        0G   0.04653   0.05801    0.0762    0.1807         9       640    0.9873    0.1469    0.2337    0.1498   0.04047   0.06203   0.07559
  201/5999        0G   0.04825   0.06025   0.07469    0.1832        70       640    0.9499    0.1669    0.2372    0.1516   0.03781   0.05788   0.07569
  202/5999        0G   0.04329   0.05524   0.07686    0.1754        32       640      0.98    0.1474    0.2454    0.1573   0.03958   0.05471   0.07534
  203/5999        0G   0.05121   0.06924   0.07764    0.1981        42       640    0.9813    0.1465    0.2344    0.1398   0.04197   0.05968   0.07533
  204/5999        0G   0.05156   0.06119   0.07776    0.1905        41       640    0.9473    0.1319    0.2204    0.1169    0.0488   0.06616    0.0757
  205/5999        0G   0.05453   0.06366   0.07892    0.1971        53       640    0.9416    0.1384    0.2255    0.1463   0.04406   0.05766   0.07578
  206/5999        0G   0.05114   0.06319   0.07871     0.193        52       640    0.9657    0.1523    0.2392    0.1473   0.04346    0.0636   0.07587
  207/5999        0G   0.04729   0.06582   0.07738    0.1905        50       640    0.9668    0.1443     0.244    0.1378   0.03768   0.05578   0.07566
  208/5999        0G   0.04404   0.05825   0.07716    0.1794        52       640     0.983    0.1512    0.2407     0.149   0.04068   0.06037    0.0753
  209/5999        0G   0.04689   0.05469   0.07762    0.1792        20       640    0.9727    0.1492    0.2377    0.1383   0.03763   0.05505   0.07518
  210/5999        0G   0.04736    0.0636   0.07576    0.1867        94       640    0.9887    0.1525    0.2367    0.1223   0.04708   0.06634   0.07479
  211/5999        0G   0.05387   0.07399   0.07589    0.2037        71       640    0.9785    0.1525    0.2416    0.1546   0.04062   0.05663   0.07461
  212/5999        0G   0.04668   0.05945    0.0748    0.1809        19       640    0.9863    0.1453    0.2428     0.151   0.04052   0.05681   0.07443
  213/5999        0G   0.04871   0.06454    0.0766    0.1898        67       640    0.9855    0.1525    0.2429    0.1596   0.03702   0.05354   0.07437
  214/5999        0G   0.04592   0.05894    0.0738    0.1787        74       640    0.9842    0.1525    0.2428    0.1609    0.0406   0.05769   0.07414
  215/5999        0G   0.04833   0.05572   0.07552    0.1796        26       640     0.694    0.3135    0.2388     0.133   0.03828   0.05467    0.0741
  216/5999        0G   0.05172   0.06801   0.07267    0.1924        91       640    0.6604    0.3061     0.193    0.1152   0.04227   0.05511   0.07412
  217/5999        0G   0.04944   0.05711   0.07405    0.1806        51       640    0.7146    0.2595    0.1972    0.1141   0.03872    0.0533   0.07418
  218/5999        0G   0.04242   0.05725   0.07562    0.1753        48       640    0.6228    0.3363    0.2471    0.1684    0.0385   0.05245   0.07391
  219/5999        0G   0.04713   0.05607   0.07729    0.1805        32       640    0.6964     0.299    0.2481    0.1677    0.0377   0.05356    0.0738
  220/5999        0G    0.0458   0.05775   0.07499    0.1785        43       640    0.6942    0.3144    0.2435    0.1394   0.04157   0.06009   0.07369
  221/5999        0G   0.04766   0.05378   0.07574    0.1772        22       640    0.7474    0.3077    0.2469    0.1679   0.03758   0.05403   0.07371
  222/5999        0G    0.0446   0.05819    0.0742     0.177        53       640    0.7094     0.313    0.2495    0.1724   0.03804   0.05415   0.07369
  223/5999        0G   0.04448   0.05912   0.07279    0.1764        91       640    0.7475    0.2928    0.2505    0.1784   0.03399   0.05089   0.07363
  224/5999        0G     0.041   0.05232   0.07709    0.1704        39       640    0.7398    0.2988    0.2501    0.1654   0.04024     0.056   0.07344
  225/5999        0G    0.0466   0.06408   0.07234     0.183        82       640    0.7169    0.3294    0.2524    0.1771   0.03463   0.05199   0.07335
  226/5999        0G   0.04612   0.05799   0.07228    0.1764        56       640    0.6736    0.3421     0.252    0.1104   0.04634   0.06025   0.07309
  227/5999        0G   0.05259   0.06399   0.07492    0.1915        47       640    0.6925     0.305    0.2481     0.123   0.04233    0.0558     0.073
  228/5999        0G   0.04861   0.06477   0.07399    0.1874        67       640    0.6961    0.2979    0.2468     0.164   0.03975   0.05557   0.07288
  229/5999        0G   0.04657   0.05552   0.07518    0.1773        21       640    0.6795    0.3309    0.2588    0.1657   0.03708   0.05538   0.07286
  230/5999        0G   0.04755   0.06291    0.0742    0.1847        66       640     0.673    0.3168    0.2572    0.1521    0.0407   0.05731   0.07286
  231/5999        0G   0.04691   0.05411   0.07459    0.1756        36       640    0.6794    0.3247    0.2547    0.1685   0.03501   0.05331   0.07286
  232/5999        0G   0.04264   0.05771    0.0747    0.1751        34       640    0.6952    0.3149    0.2602    0.1688   0.03842   0.05617   0.07288
  233/5999        0G   0.04744   0.06261   0.07416    0.1842        70       640    0.7025    0.3089    0.2662      0.19   0.03564   0.05375   0.07279
  234/5999        0G   0.04588   0.05542   0.07344    0.1747        40       640    0.7778    0.2705     0.267    0.1576   0.04093   0.05768   0.07274
  235/5999        0G   0.04691   0.06202   0.07511     0.184        52       640    0.7645    0.2728    0.2638    0.1873   0.03535   0.05296   0.07278
  236/5999        0G    0.0408   0.04934   0.07382     0.164        40       640    0.7644    0.2743    0.2573    0.1646   0.03616   0.05366   0.07276
  237/5999        0G   0.04546   0.06022   0.07131     0.177        71       640     0.761    0.2839    0.2572    0.1679   0.03577    0.0528   0.07271
  238/5999        0G   0.04387   0.06211   0.07291    0.1789        38       640    0.7534    0.2885    0.2569    0.1566   0.03928   0.05641   0.07283
  239/5999        0G   0.04624   0.05456   0.07583    0.1766        28       640    0.7331    0.2878    0.2575    0.1755    0.0342   0.05156   0.07273
  240/5999        0G   0.04127    0.0583   0.07193    0.1715        35       640    0.7882     0.199     0.257    0.1732   0.03432   0.05095   0.07245
  241/5999        0G   0.04468   0.05892   0.07283    0.1764        72       640    0.7215    0.3043    0.2598    0.1758    0.0365   0.05293   0.07221
  242/5999        0G   0.04472   0.05718   0.07284    0.1747        51       640    0.7776    0.2043    0.2682    0.1584   0.03926   0.05542   0.07199
  243/5999        0G   0.04706   0.05963   0.07148    0.1782        64       640    0.7825    0.2022    0.2663    0.1658   0.03614   0.05415   0.07198
  244/5999        0G   0.04358   0.06447   0.07305    0.1811        57       640    0.7874    0.2105    0.2562    0.1678   0.03563   0.05343   0.07194
  245/5999        0G   0.04636   0.05867   0.07299     0.178        51       640    0.8004    0.2229    0.2581    0.1738   0.03594   0.05279   0.07175
  246/5999        0G   0.04362   0.05378   0.07183    0.1692        52       640    0.8185      0.23    0.2614     0.163   0.03785   0.05497   0.07156
  247/5999        0G   0.04833   0.06555   0.07015     0.184        94       640    0.7844    0.2807    0.2652     0.181   0.03547   0.05221   0.07198
  248/5999        0G   0.04274   0.05318   0.07301    0.1689        54       640    0.8357    0.2297    0.2699     0.173   0.03712   0.05429    0.0716
  249/5999        0G   0.04667   0.05788   0.07112    0.1757        69       640    0.8115    0.2463    0.2729    0.1793   0.03659   0.05216   0.07124
  250/5999        0G   0.04448   0.05771     0.071    0.1732        55       640    0.8357    0.2153    0.2691    0.1632    0.0401   0.05768   0.07095
  251/5999        0G   0.04807   0.06347   0.06938    0.1809        70       640    0.8501    0.2124    0.2626     0.175   0.03703   0.05275   0.07089
  252/5999        0G   0.04212   0.05835   0.07144    0.1719        84       640    0.8079    0.2385    0.2645    0.1631   0.03954   0.05448   0.07073
  253/5999        0G   0.04947   0.05661   0.07264    0.1787        48       640    0.8351    0.2259      0.26    0.1696   0.03713     0.052   0.07083
  254/5999        0G   0.04393   0.06052   0.07298    0.1774        71       640    0.8103    0.2414    0.2668      0.17   0.03709   0.05478   0.07118
  255/5999        0G   0.04718   0.05873   0.07226    0.1782        51       640    0.8555    0.2147    0.2703    0.1806   0.03517   0.05109   0.07109
  256/5999        0G   0.04708   0.06032   0.07233    0.1797        69       640    0.8627    0.2208     0.265    0.1527   0.03975   0.05692   0.07101
  257/5999        0G    0.0487   0.05694   0.07148    0.1771        39       640    0.8362    0.2226    0.2662    0.1712   0.03309   0.04998   0.07064
  258/5999        0G   0.04131   0.05403    0.0739    0.1692        52       640    0.8174    0.2487    0.2716    0.1781   0.03674   0.05275   0.07032
  259/5999        0G   0.04603   0.05635   0.07231    0.1747        36       640    0.8207     0.231    0.2697    0.2016   0.03448   0.05057   0.07032
  260/5999        0G   0.04594   0.05923   0.07056    0.1757        66       640    0.8131    0.2301    0.2647    0.1563   0.04267   0.05879   0.07046
  261/5999        0G   0.04645   0.05404   0.06983    0.1703        37       640    0.8681    0.2235    0.2697    0.2011   0.03554   0.05161   0.07034
  262/5999        0G   0.04093   0.05738   0.07131    0.1696        69       640    0.8694    0.2223    0.2696    0.1793   0.03693   0.05316   0.07001
  263/5999        0G   0.04554   0.05831   0.06785    0.1717       108       640    0.8657    0.2306     0.272    0.1854   0.03542   0.05111   0.06995
  264/5999        0G   0.04422   0.06334   0.06833    0.1759       109       640    0.8436    0.2364    0.2656    0.1541   0.03693   0.05463   0.06978
  265/5999        0G   0.04496   0.05688    0.0705    0.1723        72       640    0.8527    0.2341    0.2676    0.1798   0.03637    0.0537   0.06974
  266/5999        0G   0.04334   0.05286   0.07183     0.168        22       640    0.8849    0.2174    0.2753    0.1953   0.03632   0.05243   0.06964
  267/5999        0G   0.04538   0.05214   0.07123    0.1687        75       640    0.8031    0.2381    0.2778    0.2003   0.03328   0.04983   0.06984
  268/5999        0G    0.0438   0.05841   0.07227    0.1745        64       640    0.8349    0.2278    0.2762    0.1868   0.03586   0.05261   0.07008
  269/5999        0G   0.04313   0.05541   0.06809    0.1666        58       640    0.8285    0.2347    0.2847    0.2021   0.03301   0.04997   0.06956
  270/5999        0G   0.04213   0.05275   0.07012     0.165        22       640     0.828    0.2393     0.282    0.1916    0.0352   0.05722   0.06916
  271/5999        0G   0.04297   0.05903   0.07113    0.1731        37       640    0.8244    0.2466    0.2877    0.1888   0.03336   0.05017   0.06898
  272/5999        0G   0.04484   0.06889   0.06899    0.1827        79       640    0.8253    0.2425    0.2787    0.1663   0.04048   0.06129   0.06878
  273/5999        0G   0.04748   0.06105   0.06975    0.1783        34       640    0.8031     0.248    0.2816    0.1825   0.03675   0.05303    0.0687
  274/5999        0G   0.04113   0.05567   0.06964    0.1665        26       640    0.7717    0.2508    0.2795    0.2017   0.03411   0.05243   0.06858
  275/5999        0G   0.04094   0.04886   0.07001    0.1598        19       640    0.8227    0.2396    0.2794     0.193   0.03392   0.05066   0.06847
  276/5999        0G    0.0416    0.0525   0.06968    0.1638        21       640    0.8629    0.2371    0.2832    0.1943   0.03626   0.05219   0.06845
  277/5999        0G   0.04778    0.0561   0.06983    0.1737        61       640    0.8502    0.2392     0.287    0.1871   0.03619   0.05251   0.06839
  278/5999        0G   0.04718    0.0535   0.07143    0.1721        26       640    0.8421    0.2417    0.2957    0.1804   0.03807   0.05449   0.06834
  279/5999        0G   0.04677   0.05953    0.0682    0.1745        34       640    0.8118    0.2439    0.2897    0.1875   0.03479   0.05256   0.06833
  280/5999        0G   0.04497   0.05939   0.06979    0.1741        57       640    0.8393    0.2352    0.2982    0.1715   0.03479   0.05052   0.06825
  281/5999        0G   0.04376   0.05524   0.06681    0.1658        60       640    0.8292    0.2395    0.2978    0.2099   0.03432   0.05145   0.06826
  282/5999        0G   0.04417   0.05494   0.06905    0.1682        40       640    0.8621    0.2329    0.2871    0.2054   0.03581   0.05184   0.06834
  283/5999        0G   0.04516   0.05637   0.07016    0.1717        28       640    0.8683    0.2331    0.2856    0.2044   0.03259   0.04971   0.06832
  284/5999        0G   0.04105   0.05521   0.07083    0.1671        27       640    0.7361    0.2993    0.2877    0.1787   0.03689   0.05329   0.06841
  285/5999        0G   0.04349   0.05247    0.0696    0.1656        16       640    0.7507    0.2972    0.2929     0.209   0.03223      0.05   0.06833
  286/5999        0G   0.04054    0.0538   0.06974    0.1641        56       640    0.6451    0.3245     0.291    0.1921   0.03798   0.05298   0.06822
  287/5999        0G   0.04559   0.05671   0.06869     0.171        37       640    0.7131    0.3048    0.2924    0.1955   0.03338   0.04876   0.06808
  288/5999        0G   0.04504   0.05089   0.06758    0.1635        19       640    0.6813    0.3271    0.2911    0.1809   0.04028   0.05365   0.06789
  289/5999        0G   0.04623   0.05464   0.06905    0.1699        34       640    0.7858    0.2607    0.2925    0.2089   0.03568      0.05   0.06798
  290/5999        0G   0.04113   0.05206    0.0686    0.1618        46       640    0.6735    0.3213    0.2909     0.209   0.03504   0.04933   0.06773
  291/5999        0G   0.04522   0.05731   0.06918    0.1717        34       640    0.8648    0.2277    0.2965    0.2076   0.03407    0.0495   0.06754
  292/5999        0G    0.0425   0.05454   0.06817    0.1652        44       640    0.8507    0.2379    0.2995    0.1988   0.03591   0.05308   0.06742
  293/5999        0G   0.04508   0.05777   0.06682    0.1697        64       640    0.8652    0.2477    0.3022    0.2116   0.03435    0.0493   0.06737
  294/5999        0G   0.04152    0.0531    0.0693    0.1639        49       640    0.8683    0.2506    0.3033    0.2092   0.03607   0.05057    0.0672
  295/5999        0G    0.0445   0.04964   0.06905    0.1632        34       640    0.7711    0.3156    0.3059    0.2178   0.03314    0.0494    0.0672
  296/5999        0G     0.044   0.05081   0.06825    0.1631        52       640    0.7455    0.3208    0.3024    0.2117   0.03565   0.05243   0.06721
  297/5999        0G   0.04348   0.05358   0.06956    0.1666        39       640    0.7617    0.3073    0.3064    0.2235   0.03467   0.05182   0.06729
  298/5999        0G   0.04201   0.05621   0.06787    0.1661        19       640    0.8657    0.2504    0.2986    0.2047   0.03579    0.0521   0.06738
  299/5999        0G   0.04756   0.06312    0.0681    0.1788        41       640    0.8426    0.2624    0.3013    0.2131   0.03397   0.05187   0.06722
  300/5999        0G   0.04294   0.05455     0.068    0.1655        41       640    0.8119    0.2727    0.2993    0.2116   0.03634   0.05307   0.06698
  301/5999        0G   0.04293   0.05185   0.06827    0.1631        25       640    0.8917    0.2336    0.3053    0.2267   0.03279   0.05084   0.06691
  302/5999        0G   0.03984    0.0546   0.06752     0.162        62       640    0.8907    0.2295    0.3031    0.1984   0.03413   0.05092   0.06676
  303/5999        0G    0.0439    0.0547   0.06792    0.1665        60       640    0.8842    0.2325    0.3003    0.2218   0.03397   0.05009   0.06661
  304/5999        0G   0.04212    0.0587   0.06765    0.1685        39       640    0.8699    0.2644    0.3006    0.2041   0.03524   0.05162   0.06636
  305/5999        0G   0.04691    0.0614   0.06521    0.1735        85       640     0.873    0.2632     0.305    0.2142   0.03476   0.05162   0.06633
  306/5999        0G   0.04632   0.05606   0.06886    0.1712        58       640    0.8368    0.2621    0.2989    0.1827   0.03877   0.05489   0.06617
  307/5999        0G   0.04827   0.06025    0.0686    0.1771        26       640    0.8148    0.2559    0.2978    0.1949   0.03853   0.05506   0.06613
  308/5999        0G   0.04377   0.05398   0.06736    0.1651        44       640    0.7367    0.3024    0.3055    0.2182   0.03518    0.0522   0.06628
  309/5999        0G   0.04386   0.05911   0.06487    0.1678        59       640    0.7521    0.3017    0.3044    0.2292   0.03289   0.05111   0.06627
  310/5999        0G   0.04095   0.05863   0.06435    0.1639        83       640    0.7171    0.3236    0.3084    0.2337   0.03302   0.05003   0.06639
  311/5999        0G   0.04606   0.05648   0.06875    0.1713        63       640    0.7173    0.3233    0.3096    0.2364   0.03249   0.04945   0.06619
  312/5999        0G   0.04139   0.05303   0.06726    0.1617        77       640    0.7471    0.3218    0.3234     0.236    0.0333   0.04967   0.06574
  313/5999        0G   0.04152    0.0557   0.06605    0.1633        30       640    0.7414    0.3273    0.3254    0.2392   0.03191   0.04884   0.06559
  314/5999        0G   0.04119   0.05637   0.06461    0.1622        66       640    0.7376    0.3233    0.3154     0.218   0.03703   0.05338   0.06533
  315/5999        0G   0.04472   0.06055   0.06668     0.172        52       640     0.873    0.2624    0.3213    0.2403   0.03284   0.04995   0.06535
  316/5999        0G   0.03996   0.05037    0.0658    0.1561        46       640    0.8837    0.2514    0.3229    0.2373   0.03755   0.05412   0.06518
  317/5999        0G   0.04832   0.05983   0.06641    0.1746        66       640    0.7308    0.3314      0.33    0.2502   0.03386   0.05073   0.06513
  318/5999        0G   0.04099   0.05409   0.06596     0.161        41       640    0.7166    0.3441    0.3396    0.2378   0.03438   0.05126   0.06503
  319/5999        0G   0.04222   0.04893   0.06573    0.1569        29       640    0.7312    0.3459    0.3445    0.2459   0.03213   0.04906   0.06499
  320/5999        0G   0.04001   0.05117   0.06574    0.1569        35       640    0.7115    0.3507    0.3387    0.1962   0.03565   0.05174   0.06502
  321/5999        0G   0.04643   0.05937   0.06631    0.1721        55       640    0.6975    0.3547    0.3351    0.2284   0.03548   0.05188   0.06511
  322/5999        0G    0.0462   0.05791   0.06638    0.1705        55       640    0.8916    0.2687    0.3428    0.2203   0.03641   0.05308   0.06491
  323/5999        0G   0.04709   0.06049   0.06513    0.1727        64       640    0.8845    0.2747    0.3406    0.2394   0.03479   0.04977   0.06479
  324/5999        0G   0.04151   0.05592   0.06603    0.1635        67       640    0.9047    0.2637    0.3372    0.2494   0.03402   0.05074   0.06469
  325/5999        0G   0.04218   0.05428   0.06682    0.1633        37       640    0.8886    0.2656    0.3379    0.2474   0.03273   0.04985   0.06458
  326/5999        0G   0.04411   0.05249   0.06737     0.164        26       640    0.8429     0.286    0.3398    0.2267   0.03751   0.05631   0.06458
  327/5999        0G   0.04615   0.05778   0.06634    0.1703        27       640    0.8718    0.2827    0.3381    0.2541   0.03314    0.0505   0.06456
  328/5999        0G   0.03805    0.0465   0.06533    0.1499        20       640    0.8901    0.2769    0.3429    0.2549    0.0329    0.0498   0.06466
  329/5999        0G     0.042   0.05126   0.06618    0.1594        33       640    0.9098    0.2621    0.3401     0.259   0.03358   0.04967   0.06473
  330/5999        0G   0.04029   0.05254   0.06517     0.158        48       640    0.8789    0.2698    0.3508    0.2389   0.03672   0.05386   0.06454
  331/5999        0G   0.04447   0.05664   0.06545    0.1666        49       640    0.9021    0.2685    0.3518    0.2628   0.03369   0.05069   0.06422
  332/5999        0G   0.04017   0.05422   0.06435    0.1587        48       640    0.9094    0.2524    0.3513    0.2681   0.03316   0.05031   0.06408
  333/5999        0G   0.04438   0.05062   0.06585    0.1609        52       640    0.9237    0.2546    0.3508    0.2632   0.03177   0.04787    0.0641
  334/5999        0G   0.04117   0.05541   0.06624    0.1628        74       640    0.9107    0.2537    0.3503    0.2455   0.03597   0.05226   0.06409
  335/5999        0G   0.04497   0.06048   0.06425    0.1697        75       640    0.8169    0.2858    0.3445    0.2665   0.03147    0.0492   0.06395
  336/5999        0G   0.04292   0.06095   0.06556    0.1694        60       640    0.9212    0.2607    0.3497    0.2619   0.03612   0.05211   0.06386
  337/5999        0G   0.04572   0.05646    0.0643    0.1665        68       640    0.8941    0.2688    0.3565    0.2425   0.03447   0.05012   0.06368
  338/5999        0G   0.04308   0.05308   0.06658    0.1627        52       640    0.9022    0.2689    0.3594    0.2624   0.03368   0.04932   0.06354
  339/5999        0G   0.04528   0.05931   0.06317    0.1678        76       640    0.8935    0.2713    0.3564    0.2638   0.03298   0.04896   0.06362
  340/5999        0G   0.04135   0.05072   0.06398     0.156        20       640    0.8493     0.282     0.348    0.2282    0.0335   0.04885   0.06371
  341/5999        0G   0.04371   0.05543   0.06467    0.1638        34       640    0.8639    0.2773    0.3567    0.2611   0.03216   0.04749   0.06359
  342/5999        0G   0.04062   0.04871   0.06625    0.1556        63       640    0.8367    0.2816     0.364    0.2468   0.03361   0.04998   0.06355
  343/5999        0G   0.04142   0.05248   0.06754    0.1614        28       640     0.863    0.2725    0.3681    0.2851   0.03094    0.0484   0.06349
  344/5999        0G   0.03895   0.05184   0.06511    0.1559        74       640    0.8696    0.2909    0.3718    0.2668   0.03264   0.04954   0.06293
  345/5999        0G   0.04222   0.05641   0.06399    0.1626        80       640    0.8719    0.2917    0.3678    0.2923   0.02991   0.04677   0.06268
  346/5999        0G    0.0389   0.05403   0.06186    0.1548        36       640     0.873    0.2861    0.3631    0.2454   0.03468   0.05158   0.06244
  347/5999        0G   0.04421   0.06105    0.0632    0.1685        50       640    0.8778    0.2914    0.3701    0.2651   0.03326   0.04794    0.0623
  348/5999        0G   0.03891    0.0487   0.06323    0.1508        31       640    0.8745    0.2908    0.3737    0.2505   0.03495   0.05073    0.0622
  349/5999        0G   0.04687   0.05878   0.06475    0.1704        45       640    0.8787    0.2862     0.376    0.2716   0.03402   0.04879   0.06219
  350/5999        0G   0.04327   0.05356    0.0624    0.1592        32       640    0.8866    0.2736    0.3728    0.2641   0.03271   0.05029   0.06222
  351/5999        0G    0.0459   0.05541   0.06483    0.1661        62       640    0.8771     0.281    0.3747    0.2706   0.03208   0.04881   0.06212
  352/5999        0G   0.04436   0.05694   0.06415    0.1654        71       640    0.8462    0.2832    0.3774     0.254    0.0363   0.05237   0.06196
  353/5999        0G    0.0446   0.05726   0.06267    0.1645        51       640    0.8662    0.2891    0.3728     0.271     0.033   0.04887   0.06197
  354/5999        0G   0.04122   0.04922   0.06502    0.1555        32       640    0.8315    0.2899    0.3684    0.2684   0.03423   0.05078   0.06197
  355/5999        0G   0.04528   0.05798   0.06401    0.1673        67       640    0.8708    0.2803    0.3701    0.2632   0.03296   0.04895     0.062
  356/5999        0G   0.04054   0.05343   0.06445    0.1584        63       640    0.8395    0.2791    0.3622    0.2432   0.03626   0.05298   0.06198
  357/5999        0G   0.04597   0.05709   0.06471    0.1678        30       640    0.8372    0.2965    0.3622    0.2699   0.03329   0.05009   0.06182
  358/5999        0G   0.04064   0.05004   0.06298    0.1537        35       640    0.8372    0.3055    0.3697    0.2684   0.03364   0.04891   0.06151
  359/5999        0G   0.04185   0.05177    0.0618    0.1554        39       640    0.8581    0.2931    0.3708    0.2657   0.03304   0.04883   0.06147
  360/5999        0G   0.04369   0.05327     0.063      0.16        57       640     0.843    0.2971    0.3641    0.2418   0.03576   0.05144    0.0615
  361/5999        0G    0.0444   0.05224   0.06253    0.1592        28       640     0.818    0.3001     0.363    0.2581   0.03306   0.04986   0.06144
  362/5999        0G   0.04102   0.05276   0.06354    0.1573        51       640    0.8059    0.2992    0.3627    0.2663    0.0343   0.04898   0.06114
  363/5999        0G   0.04271   0.05321   0.06134    0.1573        32       640    0.8342    0.2952    0.3623    0.2813   0.03158   0.04771   0.06098
  364/5999        0G    0.0401   0.05011   0.06302    0.1532        45       640    0.8205    0.3073    0.3627    0.2344   0.03377   0.04903    0.0607
  365/5999        0G   0.04108   0.04946   0.06169    0.1522        21       640    0.8265     0.311    0.3657    0.2781   0.03197   0.04871   0.06065
  366/5999        0G   0.04022   0.05426   0.06322    0.1577        47       640     0.829    0.3065    0.3692     0.264   0.03492   0.05219   0.06048
  367/5999        0G   0.04362   0.05445   0.05919    0.1573        51       640    0.5817    0.4037    0.3789    0.2838   0.03243    0.0501   0.06042
  368/5999        0G   0.04153   0.05492   0.06198    0.1584        70       640    0.8471     0.307    0.3822    0.2656   0.03314   0.04971   0.06033
  369/5999        0G   0.04432   0.05287    0.0619    0.1591        59       640    0.5419    0.4188    0.3825    0.2827    0.0318   0.04827   0.06038
  370/5999        0G   0.03939   0.05204   0.06065    0.1521        36       640    0.8396    0.2973    0.3757    0.2724   0.03412   0.04957   0.06038
  371/5999        0G   0.04496   0.05554   0.06184    0.1623        48       640    0.5697    0.4138    0.3766    0.2712   0.03239   0.04868   0.06031
  372/5999        0G   0.04376   0.06255   0.06204    0.1684        69       640    0.8598    0.2829    0.3729    0.2327    0.0391   0.05515   0.06014
  373/5999        0G   0.04632   0.06159   0.06165    0.1696        60       640     0.856    0.2967    0.3768    0.2721   0.03405   0.04965   0.06022
  374/5999        0G   0.04079   0.05606   0.06132    0.1582        50       640    0.8498    0.3045    0.3764     0.283   0.03156   0.04767    0.0604
  375/5999        0G   0.04027   0.05656   0.06266    0.1595        75       640    0.5071    0.4397    0.3804    0.2867   0.03214   0.04815   0.06034
  376/5999        0G   0.04074   0.05381   0.06003    0.1546        41       640    0.5094    0.4576    0.3686    0.2635     0.036   0.05227   0.06006
  377/5999        0G   0.04606   0.05532   0.06105    0.1624        31       640    0.4828    0.4794     0.375    0.2731   0.03363   0.04964   0.05989
  378/5999        0G   0.04264    0.0532   0.06061    0.1564        45       640    0.8238     0.318     0.372    0.2708   0.03353   0.05035   0.05982
  379/5999        0G   0.04141   0.04729   0.06061    0.1493        16       640    0.8272    0.3198    0.3726     0.284   0.03183    0.0479    0.0597
  380/5999        0G   0.04328   0.05449   0.06217    0.1599        73       640    0.8207    0.3013    0.3721    0.2708   0.03359   0.05132   0.05975
  381/5999        0G   0.04407   0.05948   0.05979    0.1633       108       640    0.8307    0.3037    0.3744    0.2759   0.03269   0.04814   0.05973
  382/5999        0G   0.04037   0.05301   0.05928    0.1527        65       640    0.8463    0.3082    0.3842    0.2725   0.03561   0.05093   0.05929
  383/5999        0G   0.04457   0.05371   0.06061    0.1589        60       640    0.5612    0.4317    0.3856    0.2818   0.03426    0.0485   0.05916
  384/5999        0G   0.04195   0.06158   0.05855    0.1621        99       640     0.535    0.4735    0.3909    0.2907    0.0337   0.05008   0.05912
  385/5999        0G   0.04378   0.05563   0.05947    0.1589        42       640    0.5484    0.4517    0.3946    0.2863   0.03321   0.04908   0.05953
  386/5999        0G   0.03921   0.05402     0.059    0.1522        42       640    0.6449     0.399    0.3958     0.293   0.03296   0.04863   0.06006
  387/5999        0G   0.03995   0.04841   0.06003    0.1484        58       640    0.5991    0.4421    0.3979    0.3039   0.03188   0.04696   0.05923
  388/5999        0G    0.0393   0.05178   0.06075    0.1518        62       640    0.5888    0.4297    0.3966     0.288   0.03375   0.05052   0.05884
  389/5999        0G   0.04367    0.0537   0.05919    0.1566        23       640    0.6266     0.411    0.4025     0.308   0.03188   0.04736    0.0587
  390/5999        0G   0.04043   0.05111   0.06084    0.1524        35       640    0.5808     0.439    0.4038    0.2917   0.03489   0.05093   0.05862
  391/5999        0G    0.0431   0.06178   0.05855    0.1634        56       640    0.6071    0.4346    0.4064    0.3279   0.03057   0.04693   0.05859
  392/5999        0G   0.03919   0.05599   0.06017    0.1554        51       640    0.5947    0.4312    0.4036    0.3039   0.03215   0.04923   0.05844
  393/5999        0G   0.04235   0.05301   0.05951    0.1549        44       640    0.6157    0.4194     0.409    0.3143   0.03101   0.04747   0.05825
  394/5999        0G   0.04227   0.05142   0.06023    0.1539        37       640    0.5658    0.4442    0.4049    0.2878   0.03386    0.0502   0.05823
  395/5999        0G   0.04406   0.05659   0.05908    0.1597        31       640    0.5451    0.4376    0.4043    0.2942   0.03154   0.04759   0.05829
  396/5999        0G   0.04049    0.0532   0.05929     0.153        51       640    0.5763    0.4284    0.4045    0.2875   0.03286   0.04892   0.05828
  397/5999        0G   0.04116   0.05071   0.05838    0.1503        46       640    0.5501    0.4424    0.4064    0.3087    0.0315   0.04733   0.05807
  398/5999        0G   0.03984   0.05637   0.05791    0.1541        62       640    0.5263    0.4556    0.4098    0.3146   0.03364   0.05016   0.05786
  399/5999        0G   0.04418   0.05186   0.05946    0.1555        43       640    0.6393    0.4065     0.413    0.3164   0.03143   0.04804   0.05783
  400/5999        0G   0.04147   0.05505   0.06044     0.157        44       640    0.5536    0.4696    0.4139    0.2856   0.03478   0.05014   0.05769
  401/5999        0G   0.04332   0.05598   0.05725    0.1566        40       640    0.5657    0.4592    0.4167    0.3006   0.03353   0.04903   0.05764
  402/5999        0G   0.04159   0.05182   0.05998    0.1534        62       640    0.5537    0.4752     0.413    0.2734   0.03559   0.05019   0.05768
  403/5999        0G   0.04538   0.05028   0.05828    0.1539        48       640      0.52    0.4738    0.4082    0.3003   0.03414   0.04869   0.05768
  404/5999        0G   0.04403   0.05045   0.05954     0.154        17       640    0.4899    0.4984     0.403    0.2836   0.03545   0.05075   0.05801
  405/5999        0G   0.04489    0.0534   0.05858    0.1569        16       640    0.5324     0.472    0.4035    0.2937   0.03435   0.04825   0.05786
  406/5999        0G   0.04648   0.05967   0.05975    0.1659        82       640    0.4378    0.5507    0.3949    0.2964   0.03372   0.04822   0.05753
  407/5999        0G   0.04358   0.05019   0.05902    0.1528        57       640    0.4832     0.517    0.3983     0.295   0.03331   0.04841   0.05735
  408/5999        0G   0.04234   0.05635   0.05935     0.158        50       640     0.419    0.5851    0.3967    0.2883   0.03411   0.04931   0.05715
  409/5999        0G   0.04505   0.05904   0.05729    0.1614        79       640    0.4268     0.577    0.4028    0.2967    0.0332    0.0489   0.05706
  410/5999        0G   0.04323   0.05489   0.05754    0.1557        46       640     0.793    0.3381    0.4092    0.3014   0.03401   0.04994   0.05678
  411/5999        0G    0.0453   0.05246   0.05979    0.1576        42       640    0.8212    0.3338    0.4106     0.295   0.03353   0.04872   0.05666
  412/5999        0G   0.04131   0.05376   0.05792     0.153        55       640    0.8022    0.3403    0.4091    0.3008    0.0339   0.04902   0.05651
  413/5999        0G   0.04398   0.05541   0.05803    0.1574        54       640    0.4265    0.5942    0.4095    0.3125   0.03293   0.04765   0.05652
  414/5999        0G   0.04232   0.05539   0.05846    0.1562        88       640    0.4466    0.5622    0.4113    0.2884    0.0344   0.05118   0.05642
  415/5999        0G   0.04629   0.05689   0.05899    0.1622        56       640    0.4505    0.5701    0.4138    0.2861   0.03285   0.04928   0.05633
  416/5999        0G   0.04083   0.05829   0.05559    0.1547       104       640    0.3557     0.674    0.4096    0.2833   0.03403   0.05059   0.05643
  417/5999        0G   0.04506   0.05841    0.0587    0.1622        63       640    0.5957    0.4518    0.4091    0.3033   0.03119   0.04737   0.05641
  418/5999        0G   0.04152   0.05645   0.05565    0.1536        86       640    0.6111    0.4715    0.4145    0.3103   0.03192   0.04757   0.05619
  419/5999        0G   0.04276   0.05154   0.05814    0.1524        61       640    0.5194    0.5461    0.4231    0.3183    0.0312   0.04671   0.05606
  420/5999        0G   0.04277    0.0534   0.05679     0.153        49       640    0.5346    0.5338    0.4326    0.3279   0.03191   0.04831   0.05588
  421/5999        0G   0.04322   0.05272   0.05875    0.1547        14       640    0.5321    0.5349    0.4337    0.3284   0.03177   0.04746   0.05577
  422/5999        0G   0.04093   0.05249   0.05646    0.1499        25       640    0.5232    0.5337    0.4343    0.3045   0.03291    0.0473   0.05554
  423/5999        0G    0.0418   0.05548   0.05616    0.1534        89       640    0.5149    0.5409    0.4256    0.3127   0.03137   0.04628   0.05546
  424/5999        0G   0.03881    0.0494   0.05531    0.1435        63       640    0.5125    0.5263    0.4201     0.311    0.0331   0.04806   0.05526
  425/5999        0G   0.04232   0.05484   0.05718    0.1543        40       640    0.5618    0.4945    0.4236    0.3263   0.03023   0.04566   0.05508
  426/5999        0G   0.03982   0.05746   0.05582    0.1531        74       640    0.5818     0.485     0.426    0.3151   0.03302   0.04823   0.05487
  427/5999        0G   0.04181   0.05406   0.05723    0.1531        33       640    0.5774    0.4773     0.428    0.3234    0.0316   0.04734   0.05469
  428/5999        0G   0.04143   0.05233   0.05728     0.151        39       640    0.5549    0.4821    0.4239    0.2889    0.0351   0.05101   0.05461
  429/5999        0G   0.04517    0.0515   0.05682    0.1535        44       640    0.5563    0.4914    0.4272    0.3073    0.0335   0.04951   0.05461
  430/5999        0G   0.03869   0.04937   0.05616    0.1442        71       640    0.5688    0.4847    0.4362    0.3272   0.03169   0.04702   0.05451
  431/5999        0G   0.04254   0.05458   0.05571    0.1528        42       640     0.585    0.4846      0.44    0.3402    0.0305   0.04573   0.05447
  432/5999        0G   0.03822   0.05114   0.05696    0.1463        77       640    0.5946    0.4739    0.4454    0.3362    0.0316   0.04619   0.05436
  433/5999        0G   0.04032   0.05363   0.05304     0.147        90       640    0.5974    0.4767    0.4486    0.3459   0.03011   0.04523   0.05424
  434/5999        0G   0.03906   0.05389   0.05286    0.1458        84       640    0.5775    0.4944    0.4517    0.3355   0.03284   0.04662   0.05395
  435/5999        0G   0.04274   0.05491   0.05409    0.1517        58       640    0.5012    0.5987     0.452     0.347   0.03119   0.04589   0.05382
  436/5999        0G    0.0394   0.04998   0.05442    0.1438        23       640    0.4799    0.6148    0.4552    0.3537   0.03176   0.04745   0.05375
  437/5999        0G   0.04269   0.05388   0.05506    0.1516        18       640    0.5091    0.5839    0.4611    0.3465   0.03084    0.0463   0.05366
  438/5999        0G   0.03952    0.0503   0.05687    0.1467        48       640    0.5289    0.5722    0.4685    0.3394   0.03283   0.04735   0.05364
  439/5999        0G   0.04212   0.05306   0.05528    0.1505        38       640    0.4967    0.6283    0.4669    0.3572   0.03177   0.04844   0.05367
  440/5999        0G   0.04275   0.05964    0.0552    0.1576        57       640    0.5274    0.5667    0.4658     0.337   0.03458   0.04898    0.0535
  441/5999        0G   0.04608   0.05554   0.05484    0.1565        30       640    0.6076    0.4918    0.4709    0.3443   0.03255   0.04788   0.05347
  442/5999        0G   0.04054    0.0569   0.05447    0.1519        89       640    0.5553    0.5513    0.4694    0.3599   0.03176   0.04745   0.05336
  443/5999        0G   0.04216    0.0539   0.05414    0.1502        58       640    0.5338    0.5722    0.4711     0.348   0.03272   0.04846   0.05348
  444/5999        0G   0.04165   0.05106   0.05544    0.1481        31       640    0.5398    0.5642    0.4716    0.3575   0.03304   0.04806    0.0538
  445/5999        0G   0.04549   0.05754    0.0547    0.1577        77       640    0.5496    0.5549    0.4709    0.3602   0.03129   0.04714   0.05372
  446/5999        0G   0.04014    0.0456   0.05537    0.1411        26       640     0.534    0.5614    0.4642    0.3488   0.03278   0.04862   0.05348
  447/5999        0G   0.04234   0.05293   0.05379    0.1491        44       640    0.5283    0.5728    0.4674    0.3624   0.03006   0.04619   0.05341
  448/5999        0G   0.04078   0.05048    0.0554    0.1467        33       640     0.564    0.5295    0.4599    0.3474   0.03261   0.04906   0.05322
  449/5999        0G     0.044   0.06089   0.05433    0.1592        53       640    0.5641    0.5267    0.4605     0.348    0.0325   0.04667   0.05318
  450/5999        0G   0.04283    0.0545   0.05449    0.1518        56       640    0.5042    0.5681    0.4591    0.3274   0.03377   0.04776   0.05318
  451/5999        0G   0.04412   0.05659   0.05447    0.1552        46       640    0.5122    0.5779    0.4633    0.3505   0.03126   0.04675   0.05315
  452/5999        0G   0.04099   0.04523   0.05298    0.1392        16       640    0.6893    0.4268    0.4672     0.343   0.03291   0.04769   0.05288
  453/5999        0G   0.04391   0.05897   0.05414     0.157        72       640    0.7248    0.4258    0.4718     0.359   0.03114   0.04682   0.05286
  454/5999        0G   0.04133   0.05321   0.05382    0.1484        85       640    0.4667    0.6063    0.4774    0.3642   0.03281   0.04879   0.05257
  455/5999        0G   0.04324    0.0547   0.05375    0.1517        36       640    0.4802    0.6046    0.4814    0.3407   0.03209   0.04778   0.05248
  456/5999        0G   0.04089   0.05507   0.05337    0.1493        62       640    0.6965    0.4634    0.4842    0.3334   0.03491   0.05096   0.05217
  457/5999        0G   0.04598   0.05526   0.05433    0.1556        39       640    0.4794    0.6146    0.4867    0.3521   0.03142   0.04807   0.05205
  458/5999        0G   0.04102   0.05069     0.054    0.1457        44       640     0.649    0.5012    0.4837    0.3325   0.03396   0.04967   0.05197
  459/5999        0G   0.04304    0.0493   0.05579    0.1481        27       640     0.627    0.5064    0.4959    0.3787   0.03087   0.04696   0.05183
  460/5999        0G   0.03847    0.0499   0.05228    0.1406        51       640    0.6343    0.5017    0.5067    0.3695   0.03254   0.04796   0.05179
  461/5999        0G   0.04217   0.05559   0.05297    0.1507        53       640    0.5302    0.5802    0.5129    0.3922   0.03093   0.04667   0.05169
  462/5999        0G   0.04288   0.05458   0.05421    0.1517        63       640    0.5754    0.5615    0.5209    0.3916   0.03308   0.04952   0.05144
  463/5999        0G    0.0433   0.05852   0.05388    0.1557        39       640    0.6036    0.5412    0.5211    0.3797   0.03257   0.04812   0.05132
  464/5999        0G     0.042   0.05204   0.05268    0.1467        64       640    0.5788    0.5575    0.5158    0.3869    0.0322   0.04817   0.05116
  465/5999        0G   0.04056   0.05837    0.0527    0.1516        77       640    0.5631    0.5586    0.5169    0.4097   0.02999   0.04573   0.05112
  466/5999        0G   0.03942   0.05323   0.05294    0.1456        20       640     0.631    0.5131    0.5128    0.3811   0.03224   0.04833   0.05096
  467/5999        0G    0.0431   0.05551   0.05333    0.1519        42       640     0.579    0.5335    0.5178    0.3975   0.03057   0.04694    0.0509
  468/5999        0G   0.03888   0.04909   0.05261    0.1406        34       640    0.6687    0.4995    0.5176    0.3964   0.03208   0.04818   0.05074
  469/5999        0G   0.04372   0.05066   0.05323    0.1476        30       640    0.6663    0.4941    0.5197    0.3807   0.03338   0.04778   0.05058
  470/5999        0G   0.04544   0.05863   0.05321    0.1573        83       640    0.6523    0.5035    0.5213    0.3783   0.03394   0.04985   0.05045
  471/5999        0G   0.04527   0.05411   0.05324    0.1526        25       640    0.6408      0.51    0.5229    0.3862   0.03246   0.04796   0.05043
  472/5999        0G   0.04011   0.04658   0.05099    0.1377        28       640     0.664    0.5044    0.5235    0.3858   0.03238   0.04735   0.05058
  473/5999        0G   0.04192   0.05631   0.05345    0.1517        35       640    0.7439    0.4655    0.5303    0.3868   0.03253   0.04785   0.05041
  474/5999        0G   0.04214   0.05717    0.0526    0.1519        77       640    0.5065    0.6139    0.5338    0.3875   0.03373   0.04911    0.0501
  475/5999        0G   0.04517   0.05898   0.05371    0.1579        44       640    0.6216     0.521    0.5308    0.3916   0.03255   0.04796   0.05007
  476/5999        0G   0.03975   0.05471   0.05176    0.1462        58       640    0.7353    0.4748    0.5311    0.3952   0.03262   0.04758   0.04996
  477/5999        0G   0.04207   0.05186    0.0515    0.1454        53       640    0.7265     0.483    0.5329    0.4132   0.03077   0.04576   0.04984
  478/5999        0G   0.04227   0.05415   0.05102    0.1474        82       640    0.7169    0.4871     0.532    0.3911   0.03373   0.04807    0.0496
  479/5999        0G   0.04422    0.0555    0.0508    0.1505        94       640    0.7375    0.4729    0.5322    0.4108   0.03198   0.04677   0.04958
  480/5999        0G   0.04244   0.05456   0.05124    0.1482        88       640    0.6536    0.5227    0.5316    0.3739    0.0353   0.04907   0.04949
  481/5999        0G    0.0439   0.04766   0.05178    0.1433        21       640    0.7719    0.4695    0.5353    0.4128   0.03211   0.04705    0.0494
  482/5999        0G   0.04002   0.04381   0.05028    0.1341        56       640    0.7952    0.4535    0.5401    0.3882   0.03251   0.04757   0.04909
  483/5999        0G   0.04212    0.0502   0.05203    0.1444        31       640    0.8029    0.4564    0.5354    0.4214   0.03127   0.04733   0.04927
  484/5999        0G   0.04147     0.051   0.05198    0.1444        41       640    0.7823    0.4591     0.531    0.4238   0.03086   0.04679   0.04926
  485/5999        0G   0.04105    0.0496   0.05127    0.1419        40       640    0.7992    0.4573    0.5363    0.4235   0.03061   0.04692   0.04892
  486/5999        0G   0.03977   0.05212   0.04926    0.1412        52       640    0.7975    0.4482    0.5404    0.4095   0.03138   0.04612   0.04855
  487/5999        0G   0.04028   0.05234   0.04998    0.1426        42       640    0.5153    0.5983    0.5409     0.421    0.0302   0.04545   0.04857
  488/5999        0G   0.04119   0.04915    0.0499    0.1402        43       640    0.5743    0.5846     0.539     0.408   0.03298   0.04658   0.04853
  489/5999        0G   0.04353    0.0525   0.05129    0.1473        54       640    0.5082    0.6071    0.5478    0.4226     0.032   0.04626   0.04833
  490/5999        0G   0.03895   0.05583   0.04981    0.1446        63       640    0.8038    0.4461    0.5449    0.4342   0.03178   0.04567   0.04806
  491/5999        0G   0.04066   0.04852   0.05087      0.14        43       640    0.5707    0.5821    0.5494    0.4372    0.0311   0.04549   0.04805
  492/5999        0G   0.03861   0.04848   0.04888     0.136        71       640    0.5369    0.5954    0.5593    0.4037   0.03361   0.04819   0.04794
