10
0      Oita            33.2381718      131.6126189
1      Chiba           35.6050574      140.1233063
2      Tokyo           35.6894875      139.6917064
3      Kanagawa        35.4475073      139.6423446
4      Niigata         37.9025518      139.0230946
5      Kouchi          33.5597062      133.5310786
6      Fukuoka         33.6065756      130.418297
7      Saga            33.2494416      130.2997942
8      Nagasaki        32.7448388      129.8737562
9      Kumamoto        32.789827       130.7416672