15 # http://www.benricho.org/chimei/latlng_data.html
0       Hokkaido        43.0646147      141.3468074
1       Aomori          40.8243077      140.7399984
2       Iwate           39.7036194      141.1526839
3       Miyagi          38.2688373      140.8721
4       Akita           39.7186135      140.1023643
5       Yamagata        38.2404355      140.3636333
6       Fukushima       37.7502986      140.4675514
7       Aichi           35.1801883      136.9065647
8       Mie             34.7302829      136.5085883
9       Shiga           35.0045306      135.8685899
10      Kyoto           35.0212466      135.7555968
11      Osaka           34.6862971      135.5196609
12      Hyogo           34.6912688      135.1830706
13      Nara            34.6853345      135.8327421
14      Okinawa         26.2124013      127.6809317