47 # http://www.benricho.org/chimei/latlng_data.html
0       Hokkaido        43.0646147      141.3468074
1       Aomori          40.8243077      140.7399984
2       Iwate           39.7036194      141.1526839
3       Miyagi          38.2688373      140.8721
4       Akita           39.7186135      140.1023643
5       Yamagata        38.2404355      140.3636333
6       Fukushima       37.7502986      140.4675514
7       Ibaraki         36.3418112      140.4467935
8       Tochigi         36.565725       139.8835651
9       Gunma           36.3906675      139.0604061
10      Saitama         35.8569991      139.6488487
11      Chiba           35.6050574      140.1233063
12      Tokyo           35.6894875      139.6917064
13      Kanagawa        35.4475073      139.6423446
14      Niigata         37.9025518      139.0230946
15      Toyama          36.6952907      137.2113383
16      Ishikawa        36.5946816      136.6255726
17      Fukui           36.0651779      136.2215269
18      Yamanashi       35.6641575      138.5684486
19      Nagano          36.6512986      138.1809557
20      Gifu            35.3912272      136.7222906
21      Shizuoka        34.9771201      138.3830845
22      Aichi           35.1801883      136.9065647
23      Mie             34.7302829      136.5085883
24      Shiga           35.0045306      135.8685899
25      Kyoto           35.0212466      135.7555968
26      Osaka           34.6862971      135.5196609
27      Hyogo           34.6912688      135.1830706
28      Nara            34.6853345      135.8327421
29      Wakayama        34.2259867      135.1675086
30      Tottori         35.5038906      134.2377356
31      Shimane         35.4722952      133.0504997
32      Okayama         34.6617511      133.9344057
33      Hiroshima       34.3965603      132.4596225
34      Yamaguchi       34.1859563      131.4706493
35      Tokushima       34.0657179      134.5593601
36      Kagawa          34.3401491      134.0434436
37      Ehime           33.8416238      132.7656808
38      Kouchi          33.5597062      133.5310786
39      Fukuoka         33.6065756      130.418297
40      Saga            33.2494416      130.2997942
41      Nagasaki        32.7448388      129.8737562
42      Kumamoto        32.789827       130.7416672
43      Oita            33.2381718      131.6126189
44      Miyazaki        31.9110956      131.4238934
45      Kagoshima       31.5610825      130.5577279
46      Okinawa         26.2124013      127.6809317