     0/299        0G    0.1246   0.09918    0.1046    0.3284        21       640         0         0         0         0    0.1236    0.1184    0.1059
     1/299        0G     0.124    0.1024    0.1044    0.3308        37       640         0         0         0         0    0.1216    0.1237    0.1054
     2/299        0G    0.1214    0.1124    0.1037    0.3375        36       640         0         0         0         0    0.1198    0.1284     0.105
     3/299        0G      0.12    0.1164     0.104    0.3404        22       640         0         0         0         0     0.118    0.1317    0.1046
     4/299        0G     0.118    0.1332    0.1039    0.3551        63       640   0.05087  0.001541 2.494e-06 4.989e-07    0.1162    0.1335    0.1043
     5/299        0G    0.1158    0.1184    0.1035    0.3378        34       640 9.297e-05  0.002639 6.645e-06  1.21e-06    0.1143    0.1333    0.1042
     6/299        0G    0.1138    0.1244    0.1046    0.3427        24       640    0.2425  0.001055 0.0002292 8.604e-05    0.1125    0.1295    0.1042
     7/299        0G    0.1133    0.1271    0.1032    0.3436        86       640    0.3808  0.001683 0.0006976 0.0003823    0.1101     0.125    0.1044
     8/299        0G    0.1113    0.1042    0.1039    0.3194        39       640  0.002043   0.03394  0.000627 0.0001342    0.1073    0.1204    0.1049
     9/299        0G    0.1081    0.1143    0.1045    0.3269        18       640   0.07162   0.03578  0.001335 0.0002303    0.1045    0.1152    0.1059
    10/299        0G    0.1068    0.1174    0.1051    0.3293        60       640  0.005454   0.03655  0.002524 0.0004996     0.101    0.1111    0.1065
    11/299        0G    0.1036   0.09895    0.1045    0.3071        41       640   0.05696   0.02868  0.001809 0.0005233   0.09625    0.1077    0.1062
    12/299        0G     0.101    0.1078    0.1044    0.3132        73       640  0.006637   0.02792  0.001352 0.0004238   0.09288     0.108    0.1063
    13/299        0G   0.09848    0.1031    0.1038    0.3053        86       640  0.005699   0.02967  0.000967 0.0002861   0.08914    0.1066    0.1055
    14/299        0G    0.0931   0.09133    0.1037    0.2881        27       640   0.02355   0.05568  0.002292 0.0007016   0.08418    0.1038    0.1046
    15/299        0G   0.09378    0.1019     0.103    0.2986        64       640    0.1275   0.04035  0.002434  0.000686   0.08153    0.1059     0.105
    16/299        0G   0.08671    0.1031    0.1023    0.2921        61       640   0.05809   0.05155  0.002939  0.001018    0.0792     0.103     0.104
    17/299        0G   0.08377    0.1013    0.1019    0.2869        55       640   0.08204   0.06723  0.004249  0.001328   0.07637    0.1016    0.1032
    18/299        0G   0.08059    0.0973    0.1018    0.2797        54       640  0.008529    0.0958  0.004554  0.001565    0.0722    0.1012    0.1028
    19/299        0G   0.07927   0.09425    0.1025    0.2761        28       640    0.1133    0.1161  0.007268  0.003224   0.06995   0.09738     0.102
    20/299        0G   0.07796   0.09543    0.1009    0.2743        36       640   0.02896    0.1287  0.007222  0.003096   0.07106    0.0949    0.1011
    21/299        0G   0.07606   0.09876   0.09938    0.2742        66       640    0.0644    0.1131  0.006792  0.002726   0.07574   0.09496     0.101
    22/299        0G   0.07154   0.08764    0.1001    0.2592        39       640     0.103    0.1548   0.01321  0.004647   0.06692   0.09376   0.09981
    23/299        0G   0.07542   0.09162    0.0986    0.2656        43       640   0.08701    0.1571   0.01524  0.006223   0.07305   0.09187   0.09949
    24/299        0G   0.07502   0.09661   0.09789    0.2695        75       640   0.05616    0.2012   0.01809  0.007099   0.06638    0.0914   0.09941
    25/299        0G   0.07266   0.08979   0.09887    0.2613        41       640    0.1088    0.1919   0.01729  0.006547   0.06423   0.08996   0.09861
    26/299        0G   0.07275   0.08417   0.09853    0.2554        21       640   0.06004    0.2108   0.01939  0.006591   0.06543   0.08732   0.09792
    27/299        0G   0.06906   0.09035   0.09757     0.257        33       640   0.08199    0.2428   0.02469  0.008542   0.06175   0.08797   0.09733
    28/299        0G   0.07854   0.08302   0.09723    0.2588        46       640   0.01745     0.174    0.0118  0.004242   0.08522   0.08946   0.09627
    29/299        0G   0.08259   0.09096   0.09677    0.2703        58       640   0.01308    0.1566   0.01706  0.005657   0.07374   0.09063   0.09589
    30/299        0G   0.07759   0.08859   0.09683     0.263        31       640    0.0718    0.1847   0.02173   0.00685   0.06851   0.09024   0.09565
    31/299        0G   0.07613   0.09031   0.09571    0.2621        55       640   0.01649    0.2532   0.01826  0.007545   0.07139   0.08477    0.0956
    32/299        0G    0.0758   0.08168   0.09594    0.2534        35       640   0.02034    0.2306   0.01798  0.005381   0.06935   0.08591   0.09524
    33/299        0G   0.07167   0.08932   0.09501     0.256        67       640    0.1749     0.121    0.0346   0.01576   0.06595   0.08894   0.09486
    34/299        0G   0.07756   0.08466    0.0945    0.2567        52       640   0.02081    0.2747   0.01762  0.008435   0.06955   0.08287   0.09429
    35/299        0G    0.0768   0.09532   0.09459    0.2667        63       640   0.01237    0.2315   0.01221  0.004782   0.06629   0.08545   0.09389
    36/299        0G   0.06824   0.08311   0.09386    0.2452        34       640   0.04244     0.318   0.04229   0.01541   0.06089   0.08352   0.09377
    37/299        0G   0.07035    0.0838   0.09419    0.2483        23       640   0.05694     0.196   0.03518   0.01097   0.06455    0.0893    0.0937
    38/299        0G   0.07216   0.08023   0.09486    0.2473        19       640   0.01611    0.2372   0.01671  0.005878   0.07665   0.08245   0.09261
    39/299        0G   0.07299   0.08405   0.09257    0.2496        51       640    0.0707    0.3138   0.04813   0.01971    0.0614   0.08227    0.0925
    40/299        0G   0.06964   0.08172   0.09322    0.2446        32       640   0.02012    0.1706   0.02412  0.005939   0.07426   0.08404   0.09217
    41/299        0G   0.07783   0.08371   0.09308    0.2546        64       640   0.03374    0.3074   0.01743  0.006796   0.06914   0.07946   0.09177
    42/299        0G   0.07178   0.07913   0.09318    0.2441        66       640    0.3372   0.05822   0.04218   0.01662   0.06898   0.08251   0.09141
    43/299        0G   0.07577   0.08638   0.09357    0.2557        82       640    0.0258    0.2447   0.02724  0.009279   0.07198   0.08071   0.09105
    44/299        0G   0.06848   0.08125   0.09266    0.2424        34       640   0.04625    0.3326   0.05949   0.02152   0.06016   0.08109   0.09122
    45/299        0G   0.06552   0.07838   0.09193    0.2358        38       640   0.07161     0.269   0.06522   0.01674   0.06317   0.07937   0.09061
    46/299        0G   0.07201   0.07204   0.09042    0.2345        47       640   0.02652    0.3318   0.03515   0.01005   0.07256   0.07941   0.09013
    47/299        0G   0.07209   0.07866   0.09178    0.2425        28       640   0.01812    0.3495   0.02543  0.006849   0.06853   0.07889   0.09013
    48/299        0G    0.0663   0.08163   0.09017    0.2381        75       640   0.09424     0.275   0.08741   0.02804   0.05791   0.07881      0.09
    49/299        0G   0.06729   0.08495   0.09152    0.2438        78       640    0.1366    0.2765    0.1017   0.05262    0.0579   0.07496   0.08949
    50/299        0G   0.06599   0.08567   0.08924    0.2409        46       640   0.02173    0.4299   0.03219   0.01034   0.06396   0.07603   0.08937
    51/299        0G   0.06495   0.07854   0.09156    0.2351        26       640   0.08745    0.3019   0.06571   0.02063   0.05751   0.07519   0.08924
    52/299        0G   0.06348   0.08074   0.08972    0.2339        22       640    0.1268    0.1769   0.04082   0.01386    0.0668   0.08491   0.08909
    53/299        0G   0.06936   0.07851   0.09019    0.2381        43       640   0.06827    0.3068   0.07393   0.02403   0.05821   0.07578   0.08888
    54/299        0G   0.06835   0.07538   0.08978    0.2335        28       640    0.2408    0.1984   0.07717   0.03027   0.05801   0.07459   0.08859
    55/299        0G   0.06445   0.07754   0.09115    0.2331        39       640    0.2507    0.2151   0.09411   0.02043   0.06888   0.08184   0.08848
    56/299        0G   0.06958   0.07241    0.0898    0.2318        38       640    0.2483    0.2405    0.1099   0.03048   0.05879   0.07387   0.08814
    57/299        0G   0.06432   0.07704   0.08926    0.2306        41       640   0.02221    0.4501   0.06088   0.01556   0.06525   0.07585   0.08791
    58/299        0G   0.06625   0.07878   0.08898     0.234        43       640     0.107    0.3197   0.06304   0.01707   0.06358   0.07593   0.08768
    59/299        0G   0.06543    0.0767   0.09004    0.2322        63       640    0.1185    0.3757    0.1074   0.04977   0.05635     0.074   0.08752
    60/299        0G   0.06245   0.07674    0.0875    0.2267        51       640    0.2693    0.2638    0.1245    0.0442   0.05236   0.07541   0.08723
    61/299        0G   0.05988    0.0737   0.08896    0.2225        22       640    0.2678    0.2782    0.1132   0.05611   0.05986   0.07949   0.08719
    62/299        0G     0.066   0.08323   0.08781     0.237        48       640    0.2756     0.164   0.09451   0.02541   0.06152    0.0753   0.08706
    63/299        0G   0.06664   0.07655    0.0882    0.2314        66       640    0.3256    0.1544   0.06971     0.023   0.05962   0.07304   0.08691
    64/299        0G   0.06212   0.07787   0.08959    0.2296        67       640    0.8402    0.0987    0.1292   0.06164   0.04967   0.06925   0.08687
    65/299        0G   0.06187   0.07375   0.08798    0.2236        60       640   0.06997    0.4231   0.06548    0.0206   0.05159   0.06819   0.08662
    66/299        0G   0.05947   0.07631    0.0881    0.2239        77       640    0.4134    0.1601    0.1104   0.03295   0.06153   0.07768   0.08663
    67/299        0G   0.06432   0.08247   0.08666    0.2335        93       640    0.2096      0.31    0.1144   0.02469   0.06264   0.07321   0.08623
    68/299        0G   0.06579   0.06795   0.08781    0.2215        31       640    0.8959    0.1026    0.1456   0.04594   0.05472   0.07079   0.08611
    69/299        0G   0.06159   0.07384   0.08627    0.2217        63       640    0.7695    0.1506    0.1455   0.05204   0.05515     0.071   0.08588
    70/299        0G   0.06279   0.07331   0.08682    0.2229        35       640    0.8041    0.1389    0.1448   0.04652   0.05561   0.07173   0.08579
    71/299        0G   0.05959   0.07471   0.08576    0.2201        66       640    0.6684    0.1569    0.1513   0.05729   0.05576    0.0674   0.08566
    72/299        0G   0.06089   0.06946   0.08732    0.2177        29       640    0.1557    0.3279    0.1158   0.03407   0.06598   0.07371   0.08549
    73/299        0G   0.06504    0.0707   0.08731    0.2231        29       640    0.2256    0.3087     0.115   0.04225   0.05567   0.07244   0.08542
    74/299        0G   0.05887   0.07291   0.08617     0.218        45       640    0.2497    0.3038    0.1537   0.06593    0.0533   0.06812   0.08506
    75/299        0G   0.05659   0.06307   0.08806    0.2077        31       640     0.879    0.1256    0.1638   0.07787   0.05068   0.06662   0.08492
    76/299        0G   0.05805   0.06382   0.08643    0.2083        13       640    0.9262     0.113    0.1629   0.06765    0.0497    0.0686   0.08477
    77/299        0G   0.05926   0.07279    0.0857    0.2177        30       640    0.8633      0.12    0.1367   0.04517   0.05352   0.07056   0.08473
    78/299        0G   0.05658   0.06054   0.08766    0.2048        14       640    0.9104    0.1132    0.1658   0.06637   0.05638   0.06957   0.08444
    79/299        0G   0.05872   0.07219   0.08736    0.2183        25       640    0.9621    0.1147    0.1803    0.0651   0.04823   0.06689   0.08425
    80/299        0G   0.05493    0.0692   0.08614    0.2103        44       640    0.9638    0.1152    0.1756   0.08616   0.05144   0.06784   0.08414
    81/299        0G   0.05827   0.06896    0.0864    0.2136        29       640    0.9691    0.1107    0.1798   0.06518    0.0488   0.06812   0.08396
    82/299        0G   0.05574   0.06965   0.08403    0.2094        47       640    0.9667    0.1099    0.1746   0.09317   0.05153   0.06891    0.0839
    83/299        0G    0.0516   0.06039   0.08605     0.198        15       640    0.9778     0.105    0.1813   0.09693   0.04067   0.06115   0.08378
    84/299        0G   0.06511   0.07669   0.08241    0.2242        98       640    0.1922    0.1963   0.04739   0.01763    0.0819   0.07798   0.08373
    85/299        0G   0.08215   0.07012   0.08642    0.2387        27       640    0.6335    0.1295   0.08466   0.03623   0.06845    0.0673   0.08398
    86/299        0G    0.0648   0.07758   0.08466     0.227        55       640    0.2568    0.2209     0.102   0.03183   0.06258   0.07813   0.08417
    87/299        0G   0.06866   0.07798   0.08594    0.2326        61       640    0.8899    0.1178    0.1464   0.07423   0.06241   0.06787   0.08396
    88/299        0G   0.06766   0.06982    0.0857    0.2232        57       640    0.9577    0.1132    0.1571   0.07266    0.0589   0.06658   0.08412
    89/299        0G   0.06733   0.06858   0.08654    0.2225        35       640    0.1874      0.32    0.1051   0.03481   0.06473   0.06862   0.08398
    90/299        0G   0.06996    0.0747   0.08601    0.2307        75       640    0.4203    0.2155    0.1216   0.04256   0.06002   0.07119   0.08408
    91/299        0G   0.06643   0.07638   0.08517     0.228        52       640    0.8931    0.1075    0.1306   0.04861    0.0571   0.07242     0.084
    92/299        0G   0.06607   0.07615   0.08642    0.2286        48       640    0.8834    0.1047    0.1397   0.05551   0.05557   0.07446   0.08381
    93/299        0G   0.06142   0.07589   0.08602    0.2233        42       640    0.9164    0.1156    0.1627   0.09003   0.05012   0.06766   0.08358
    94/299        0G   0.05722   0.07227   0.08516    0.2146        56       640    0.9578    0.1125    0.1675    0.0892   0.05049   0.07153   0.08328
    95/299        0G   0.05911   0.06752    0.0859    0.2125        17       640    0.9713    0.1083    0.1621   0.06867   0.05586   0.07092   0.08304
    96/299        0G   0.06337     0.065   0.08578    0.2141        60       640    0.9653    0.1008    0.1382   0.03926   0.05862   0.06981   0.08283
    97/299        0G   0.06531   0.07074   0.08344    0.2195        49       640    0.9785    0.1124    0.1577   0.06449   0.05793   0.06814   0.08285
    98/299        0G   0.06224   0.06768   0.08532    0.2152        32       640    0.9783    0.1033    0.1711   0.07076   0.04808   0.06622   0.08306
    99/299        0G   0.05698   0.06475   0.08618    0.2079        15       640    0.9012    0.1264    0.1685   0.07583    0.0573   0.07167   0.08313
   100/299        0G   0.06444   0.07126   0.08224    0.2179        71       640     0.964    0.1032     0.156   0.04038   0.05652   0.06859   0.08316
   101/299        0G   0.06178   0.06306   0.08611     0.211        12       640    0.9413    0.1138    0.1626   0.07724   0.05242   0.06381   0.08295
   102/299        0G   0.05927   0.06697   0.08475     0.211        41       640    0.9664    0.0897    0.1448   0.04141   0.05233   0.06884   0.08266
   103/299        0G   0.06117   0.07419   0.08328    0.2186        75       640    0.9774    0.1063    0.1747   0.08008   0.05294   0.06956   0.08271
   104/299        0G   0.05904   0.07143   0.08467    0.2151        41       640    0.2884     0.247    0.1039    0.0565   0.05204   0.06625   0.08276
   105/299        0G   0.05978   0.06815   0.08557    0.2135        44       640    0.8858    0.1191   0.09668   0.04764   0.05514    0.0665   0.08272
   106/299        0G   0.05675   0.06598   0.08389    0.2066        38       640     0.918    0.1215    0.1469    0.0638   0.04837   0.06789   0.08299
   107/299        0G   0.05607   0.06725   0.08479    0.2081        43       640    0.9425    0.1161    0.1511   0.06906   0.04872   0.06762   0.08278
   108/299        0G   0.05667   0.06026   0.08627    0.2032        22       640    0.9688    0.1158    0.1555   0.07827   0.04603   0.06324   0.08256
   109/299        0G   0.06027   0.07028   0.08458    0.2151        48       640    0.9867    0.1154    0.1809    0.0836   0.05138   0.07047   0.08219
   110/299        0G   0.05973   0.06854   0.08436    0.2126        35       640    0.9802    0.1162    0.1874    0.0882    0.0543   0.06633   0.08222
   111/299        0G   0.05741   0.07716   0.08351    0.2181        42       640    0.9848    0.1137    0.1972    0.1241   0.04818   0.06543   0.08206
   112/299        0G   0.05843   0.07796   0.08344    0.2198        46       640    0.9845    0.1104    0.1965    0.0847   0.04475   0.06583     0.082
   113/299        0G   0.05234   0.07761   0.08537    0.2153        41       640    0.9879    0.1131    0.2003    0.1106   0.04395    0.0629    0.0819
   114/299        0G   0.05124   0.06847   0.08365    0.2034        20       640    0.9805    0.1148    0.1921    0.1056   0.04679   0.06497   0.08179
   115/299        0G   0.05359   0.06701   0.08374    0.2043        51       640     0.987    0.1176    0.1976     0.108   0.04189   0.06536   0.08172
   116/299        0G   0.05634   0.07663   0.08063    0.2136        84       640    0.9778    0.1167    0.1728   0.07453    0.0564   0.08203    0.0817
   117/299        0G    0.0652   0.07118   0.08057     0.217        62       640    0.9754    0.1104    0.1717   0.05696   0.05723   0.06708    0.0818
   118/299        0G   0.06025   0.07635   0.08273    0.2193        63       640    0.9866    0.1186    0.1839   0.09704   0.04368   0.06578   0.08179
   119/299        0G   0.05478   0.07643   0.07947    0.2107        83       640    0.9863    0.1186    0.1813    0.0828   0.04404   0.06353   0.08173
   120/299        0G   0.05482   0.06418   0.08314    0.2021        53       640    0.9784     0.116    0.1771   0.07054   0.05061   0.06885    0.0816
   121/299        0G   0.05609   0.06855   0.08198    0.2066        57       640    0.9849    0.1156    0.1665   0.09617   0.04673   0.06526   0.08133
   122/299        0G   0.05582   0.06878   0.08161    0.2062        27       640    0.9808    0.1085     0.184     0.108   0.04338   0.06398   0.08126
   123/299        0G   0.05306   0.05824   0.08342    0.1947        24       640    0.9636    0.1356     0.195     0.112   0.04885    0.0667   0.08106
   124/299        0G   0.05801   0.07203   0.07992      0.21        79       640    0.9632    0.1356     0.199    0.1114   0.04244   0.06176   0.08111
   125/299        0G   0.05588   0.06878   0.08384    0.2085        62       640    0.9669    0.1356    0.1982    0.1084   0.04978   0.06627   0.08112
   126/299        0G   0.05652   0.06581   0.08297    0.2053        41       640    0.9664    0.1356    0.2041   0.06697   0.04642   0.06194   0.08115
   127/299        0G   0.05389   0.06296   0.08339    0.2002        26       640    0.9733    0.1331    0.1921   0.09169    0.0444    0.0625   0.08116
   128/299        0G   0.05755   0.07185   0.08315    0.2125        53       640    0.9595    0.1314    0.1815   0.07442   0.05164   0.06604   0.08108
   129/299        0G   0.06212   0.07078   0.08242    0.2153        76       640    0.9623    0.1315    0.1948   0.08609    0.0466   0.06472   0.08107
   130/299        0G   0.05536   0.06984   0.08293    0.2081        56       640    0.9735    0.1244    0.1951    0.1115   0.04374   0.06032   0.08092
   131/299        0G   0.05246   0.06494   0.08369    0.2011        44       640    0.9498    0.1099    0.1705   0.07921     0.046   0.06479   0.08076
   132/299        0G   0.05595   0.06199   0.08278    0.2007        27       640    0.9634    0.1259    0.1916     0.112   0.04341   0.06048   0.08069
   133/299        0G    0.0557    0.0629   0.08141       0.2        64       640    0.9732    0.1323    0.1928    0.1007   0.04742   0.06284    0.0807
   134/299        0G   0.05313   0.06553   0.07844    0.1971        44       640    0.9624    0.1267    0.1819   0.09613   0.04328   0.06076   0.08065
   135/299        0G   0.05345   0.06018   0.08281    0.1964        31       640    0.9689    0.1308    0.1849   0.06823   0.04806   0.06142   0.08047
   136/299        0G   0.05587   0.06932   0.08083     0.206        78       640    0.9724    0.1352    0.1956    0.1048   0.04152   0.05861   0.08038
   137/299        0G   0.05132   0.06111   0.08197    0.1944        19       640    0.9409    0.1041     0.162   0.06878   0.04253    0.0595   0.08011
   138/299        0G   0.04927   0.06603   0.07785    0.1932        94       640    0.9497    0.1125    0.1693   0.07414   0.04147   0.05904   0.07999
   139/299        0G   0.05364   0.06127   0.08219    0.1971        34       640    0.9726    0.1338    0.1889    0.1032   0.04462   0.06012   0.08007
   140/299        0G     0.053   0.06334   0.08167     0.198        51       640     0.969    0.1307    0.1776    0.0729   0.05388   0.06795   0.07988
   141/299        0G   0.05994   0.06732   0.08307    0.2103        25       640    0.9774    0.1338      0.19    0.1038    0.0471   0.06251   0.07999
   142/299        0G   0.05269   0.05871   0.08239    0.1938        19       640    0.9732    0.1298    0.1787   0.07536   0.05127   0.06328   0.07982
   143/299        0G    0.0584    0.0695   0.08021    0.2081        68       640    0.9777    0.1355    0.1978    0.1131   0.05046   0.06484   0.07978
   144/299        0G   0.05636   0.07293   0.08028    0.2096        63       640    0.9812    0.1356    0.1923   0.09881    0.0491   0.06732   0.07972
   145/299        0G   0.06024   0.06729   0.08183    0.2094        17       640    0.9818     0.134    0.1974    0.1007   0.04607   0.06272   0.07984
   146/299        0G    0.0524   0.06452   0.08106     0.198        66       640    0.9794    0.1299     0.197   0.08866    0.0464   0.06091   0.07975
   147/299        0G   0.05346   0.05954    0.0823    0.1953        32       640    0.9823    0.1351    0.1998   0.09719   0.04123   0.05729   0.07957
   148/299        0G   0.05008   0.05624   0.08199    0.1883        44       640    0.9863    0.1334    0.2034   0.09524   0.04705   0.06255   0.07942
   149/299        0G   0.05575   0.06991   0.08115    0.2068        70       640    0.9799     0.134    0.2051     0.111   0.04187   0.06068   0.07932
   150/299        0G   0.05277    0.0657   0.08111    0.1996        58       640    0.9834    0.1341    0.2002    0.1067   0.04362   0.06361   0.07916
   151/299        0G   0.05346   0.06805   0.08025    0.2018        61       640    0.9855    0.1349    0.2105    0.1334   0.04183   0.06087   0.07904
   152/299        0G   0.05343   0.07148   0.08084    0.2057        73       640    0.9688    0.1303    0.1814   0.08433   0.05276   0.06563   0.07891
   153/299        0G   0.05992   0.07057    0.0795      0.21        44       640    0.9893    0.1313    0.2024    0.0849   0.04436   0.05966   0.07896
   154/299        0G   0.05288   0.06321   0.08094     0.197        62       640    0.9731    0.1166    0.1866     0.092   0.04677   0.06075   0.07894
   155/299        0G   0.05435   0.05723   0.07972    0.1913        18       640    0.9821     0.122    0.1997    0.0963   0.04347   0.05874    0.0789
   156/299        0G   0.05076    0.0629    0.0794    0.1931        44       640     0.346    0.2912    0.1797    0.0707   0.04575   0.06168   0.07891
   157/299        0G   0.05628   0.07059   0.07987    0.2067        44       640    0.9859    0.1292    0.2111    0.1107   0.04373   0.05759   0.07891
   158/299        0G   0.04841   0.06006   0.07933    0.1878        36       640    0.9813    0.1324    0.2094   0.09834   0.04596   0.06292   0.07878
   159/299        0G   0.05094   0.06454   0.08122    0.1967        34       640    0.9701    0.1328      0.21    0.1248   0.03951   0.05795   0.07886
   160/299        0G   0.05077   0.06566   0.07847    0.1949        58       640    0.9701    0.1264    0.2097   0.08891   0.04589   0.06234   0.07866
   161/299        0G   0.05161    0.0683   0.08028    0.2002        51       640    0.9843    0.1341     0.217    0.1277   0.03914   0.05693   0.07865
   162/299        0G   0.04821   0.06585   0.07863    0.1927        71       640    0.9874    0.1318     0.218    0.1074    0.0453   0.06474   0.07855
   163/299        0G    0.0509   0.06503   0.07883    0.1948        75       640    0.9903     0.135    0.2199    0.1295   0.03914   0.05716    0.0785
   164/299        0G    0.0482   0.06356   0.08014    0.1919        34       640    0.9919    0.1356    0.2216    0.1291    0.0407   0.06118   0.07817
   165/299        0G   0.05199   0.06067   0.07894    0.1916        21       640    0.9919     0.135    0.2215    0.1126   0.04181   0.05836   0.07802
   166/299        0G   0.05071   0.06229   0.07772    0.1907        51       640    0.9755    0.1129    0.2038    0.0757   0.04818   0.06588   0.07795
   167/299        0G   0.05484   0.06661   0.07762    0.1991        80       640    0.8581    0.1678    0.1924   0.09234    0.0442   0.05947   0.07794
   168/299        0G   0.04944   0.05877   0.08109    0.1893        41       640    0.9755     0.135    0.2292    0.1066   0.04333   0.05934    0.0778
   169/299        0G   0.05034   0.05876   0.08065    0.1898        29       640    0.9759    0.1354    0.2321    0.1169   0.04027     0.055   0.07781
   170/299        0G   0.04706   0.06476   0.07934    0.1912        62       640    0.9734    0.1278    0.2231    0.1152   0.04061   0.06242   0.07794
   171/299        0G   0.04796   0.05935   0.08034    0.1877        20       640    0.9816    0.1356    0.2283    0.1441   0.03821   0.05508   0.07787
   172/299        0G   0.04505   0.05986   0.07839    0.1833        37       640    0.9666    0.1356    0.2183    0.1202    0.0404   0.06106   0.07782
   173/299        0G   0.04755   0.06016   0.07982    0.1875        41       640    0.9687    0.1356    0.2132    0.1217   0.03874   0.05625   0.07781
   174/299        0G   0.04602   0.06162   0.07861    0.1862        85       640    0.9593    0.1356    0.2087     0.135   0.03969   0.05976   0.07764
   175/299        0G   0.04735   0.06263   0.08004      0.19        64       640    0.9888    0.1309    0.2122    0.1541   0.03543   0.05406   0.07751
   176/299        0G   0.04222   0.05964   0.07869    0.1806        39       640    0.9792    0.1261    0.2122    0.1371   0.03863   0.05935   0.07735
   177/299        0G   0.04559   0.06149   0.07932    0.1864        28       640    0.9791    0.1343     0.216    0.1384   0.03581   0.05478   0.07714
   178/299        0G    0.0442   0.05351   0.07828     0.176        28       640    0.9677    0.1319    0.2134   0.09963   0.04181   0.05821   0.07694
   179/299        0G   0.04726   0.05506   0.07806    0.1804        30       640    0.9747    0.1446    0.2221    0.1425     0.036   0.05277   0.07691
   180/299        0G   0.04416   0.05925   0.07619    0.1796        84       640    0.9776    0.1333    0.2241     0.127   0.03856   0.05428   0.07673
   181/299        0G   0.04753   0.06091   0.07993    0.1884        25       640    0.9928    0.1327    0.2241    0.1393   0.03845   0.05602   0.07674
   182/299        0G   0.04675   0.06032   0.07871    0.1858        57       640    0.9944    0.1295    0.2187     0.133   0.03935   0.05634   0.07677
   183/299        0G   0.04738   0.06272   0.07776    0.1879        67       640    0.9767    0.1415    0.2222    0.1591   0.03357   0.05217   0.07675
   184/299        0G   0.03941   0.05265   0.07605    0.1681        31       640     0.991    0.1322    0.2251    0.1449    0.0375   0.05643   0.07661
   185/299        0G    0.0458   0.06081   0.07477    0.1814        48       640    0.9686    0.1469    0.2295    0.1531   0.03372   0.05155   0.07651
   186/299        0G    0.0432   0.05585   0.07872    0.1778        53       640    0.9916     0.129    0.2295    0.1435   0.04146    0.0578   0.07639
   187/299        0G   0.04709   0.06217   0.07636    0.1856        91       640    0.9754    0.1316    0.2349    0.1633   0.03441   0.05183   0.07635
   188/299        0G   0.04273   0.06222   0.07704     0.182        61       640    0.9776    0.1308    0.2317     0.147   0.03954   0.05717   0.07624
   189/299        0G   0.04737   0.05835   0.07858    0.1843        45       640     0.962    0.1424    0.2345    0.1552   0.03606   0.05352   0.07619
   190/299        0G   0.04151   0.05183   0.07851    0.1719        32       640    0.9545    0.1469    0.2305    0.1408   0.03872   0.05429   0.07609
   191/299        0G   0.04475   0.05436   0.07569    0.1748        39       640    0.9422    0.1471     0.233     0.155   0.03321   0.05025     0.076
   192/299        0G   0.04275   0.05474   0.07798    0.1755        38       640    0.9449    0.1469    0.2323    0.1586   0.03793   0.05475   0.07593
   193/299        0G     0.045   0.05241   0.07829    0.1757        20       640    0.9417    0.1478    0.2306    0.1599   0.03518    0.0518   0.07593
   194/299        0G   0.04368   0.06044   0.07472    0.1788        78       640      0.94    0.1494    0.2283     0.143   0.03681   0.05264   0.07594
   195/299        0G   0.04455    0.0587   0.07485    0.1781        41       640    0.9379    0.1504    0.2254    0.1467   0.03609   0.05237     0.076
   196/299        0G   0.04262   0.06272   0.07658    0.1819        28       640    0.9317     0.151    0.2273    0.1433   0.03776   0.05316   0.07585
   197/299        0G   0.04433   0.05601   0.07705    0.1774        47       640    0.9388    0.1525    0.2314    0.1621   0.03508   0.05164    0.0758
   198/299        0G   0.04152   0.06347   0.07399     0.179       100       640    0.9461    0.1525    0.2349    0.1589   0.03418   0.05267   0.07583
   199/299        0G   0.04274   0.05654    0.0769    0.1762        59       640    0.9482    0.1525    0.2356     0.176   0.03226   0.05077   0.07577
   200/299        0G   0.03904    0.0494   0.07629    0.1647         9       640    0.9646    0.1524    0.2355    0.1525   0.03676   0.05504    0.0757
   201/299        0G   0.04283    0.0555    0.0745    0.1728        70       640    0.9876    0.1522    0.2367    0.1704   0.03292    0.0544   0.07569
   202/299        0G   0.03987   0.05306   0.07662    0.1696        32       640    0.9855    0.1501    0.2365    0.1403   0.03881   0.06374   0.07576
   203/299        0G   0.04514   0.06386   0.07773    0.1867        42       640     0.988    0.1501    0.2321    0.1527    0.0361   0.06048   0.07564
   204/299        0G   0.04171   0.05258    0.0779    0.1722        41       640    0.9854    0.1501    0.2315    0.1449   0.03971   0.05876   0.07543
   205/299        0G   0.04672   0.05352   0.07845    0.1787        53       640    0.9839    0.1501    0.2348    0.1622   0.03721   0.05461   0.07533
   206/299        0G   0.04288   0.05209   0.07789    0.1729        52       640    0.9874    0.1501    0.2362    0.1665   0.03679   0.05377   0.07521
   207/299        0G   0.04324   0.05538   0.07722    0.1758        50       640    0.9905    0.1524    0.2378    0.1646    0.0337   0.05182   0.07517
   208/299        0G   0.04262   0.05327   0.07676    0.1727        52       640    0.9663    0.1525     0.233    0.1447   0.03866   0.05657   0.07496
   209/299        0G   0.04525   0.05068    0.0773    0.1732        20       640    0.9676    0.1525    0.2386    0.1644    0.0341   0.05203   0.07498
   210/299        0G   0.04132   0.05707   0.07551    0.1739        94       640    0.9564    0.1525    0.2387    0.1635   0.03507   0.05262     0.075
   211/299        0G   0.04312   0.06139   0.07592    0.1804        71       640    0.9561    0.1525    0.2409    0.1628   0.03239   0.04979   0.07492
   212/299        0G   0.03996   0.05121   0.07498    0.1661        19       640    0.9563    0.1525    0.2424     0.171   0.03555   0.05195   0.07475
   213/299        0G   0.04248   0.05865   0.07691     0.178        67       640    0.9562    0.1525    0.2428    0.1752   0.03245   0.04929   0.07468
   214/299        0G   0.03988   0.05453   0.07423    0.1686        74       640    0.9555    0.1525    0.2438     0.178   0.03643   0.05385   0.07459
   215/299        0G   0.04095   0.05264   0.07606    0.1696        26       640    0.9555    0.1525    0.2468    0.1834   0.03231   0.04975   0.07454
   216/299        0G   0.04065   0.06143    0.0733    0.1754        91       640     0.931    0.1674    0.2455    0.1667   0.03502   0.05207   0.07436
   217/299        0G   0.03963    0.0538   0.07424    0.1677        51       640     0.917    0.1669    0.2466    0.1834   0.03241    0.0497   0.07429
   218/299        0G    0.0375   0.05423   0.07579    0.1675        48       640    0.9179    0.1675    0.2452    0.1772    0.0341   0.05117   0.07416
   219/299        0G   0.04182   0.05276   0.07764    0.1722        32       640    0.9568    0.1525    0.2464    0.1855   0.03071   0.04716   0.07413
   220/299        0G   0.03844   0.05117   0.07536     0.165        43       640    0.9562    0.1525    0.2458    0.1731   0.03444    0.0503   0.07401
   221/299        0G   0.04065   0.04787   0.07595    0.1645        22       640    0.9569    0.1522    0.2478    0.1812    0.0312   0.04783   0.07397
   222/299        0G   0.03959   0.05422   0.07422     0.168        53       640    0.9567    0.1522    0.2451    0.1723   0.03519   0.05154   0.07389
   223/299        0G   0.04178   0.05596   0.07317    0.1709        91       640    0.9561    0.1522    0.2454    0.1817   0.03081   0.04762   0.07387
   224/299        0G   0.03691   0.04809    0.0776    0.1626        39       640    0.9565    0.1519    0.2427    0.1842   0.03261   0.04914   0.07376
   225/299        0G   0.03965   0.06173   0.07275    0.1741        82       640    0.9558    0.1515    0.2467    0.1833   0.03095   0.04751    0.0737
   226/299        0G   0.04034   0.05384   0.07291    0.1671        56       640    0.6457    0.2735    0.2465    0.1449   0.03489   0.05039   0.07358
   227/299        0G   0.04198   0.05582   0.07545    0.1732        47       640    0.9722    0.1525     0.248    0.1707   0.03177   0.04848   0.07353
   228/299        0G   0.04018   0.05724   0.07449    0.1719        67       640     0.627    0.2999    0.2504    0.1849    0.0314   0.04797   0.07349
   229/299        0G    0.0381    0.0495   0.07593    0.1635        21       640    0.6189    0.3191    0.2526    0.1864   0.03153   0.04915   0.07342
   230/299        0G   0.04101   0.05769   0.07508    0.1738        66       640    0.6247    0.3082    0.2515    0.1773   0.03524   0.05179   0.07342
   231/299        0G   0.04051   0.05351   0.07534    0.1694        36       640    0.6188     0.327    0.2507    0.1847   0.03185   0.04789   0.07338
   232/299        0G   0.03672   0.05147   0.07536    0.1636        34       640    0.6047    0.3166    0.2528    0.1912   0.03093   0.04816   0.07334
   233/299        0G   0.03824   0.05383   0.07491     0.167        70       640    0.6182     0.321    0.2518    0.1987    0.0297   0.04706   0.07331
   234/299        0G     0.037   0.04797   0.07427    0.1592        40       640    0.9491    0.1638    0.2542    0.1854   0.03312   0.05058   0.07321
   235/299        0G   0.03911   0.05588   0.07594    0.1709        52       640    0.9379    0.1646    0.2542      0.19   0.03139   0.04899   0.07316
   236/299        0G   0.03626   0.04487   0.07436    0.1555        40       640    0.9728    0.1525     0.254    0.1858   0.03344    0.0494   0.07303
   237/299        0G   0.04192     0.056   0.07203    0.1699        71       640    0.9391    0.1525    0.2542     0.192   0.03023   0.04669   0.07297
   238/299        0G   0.03866   0.05274   0.07355    0.1649        38       640    0.9391    0.1525    0.2514    0.1837   0.03276   0.04876   0.07288
   239/299        0G   0.04128   0.04923   0.07643    0.1669        28       640    0.9566    0.1525    0.2511    0.1871   0.03105   0.04754   0.07289
   240/299        0G   0.03892   0.05191   0.07258    0.1634        35       640    0.9396    0.1525    0.2526    0.1914   0.03233   0.04897   0.07287
   241/299        0G   0.04068   0.05502   0.07372    0.1694        72       640    0.9566    0.1525    0.2528    0.2005   0.03124   0.04755   0.07283
   242/299        0G   0.03803   0.05086    0.0739    0.1628        51       640      0.94    0.1525     0.253    0.1939   0.03141   0.04812   0.07268
   243/299        0G   0.03773   0.05343   0.07238    0.1635        64       640    0.9403    0.1519    0.2538    0.1968   0.03036   0.04772   0.07262
   244/299        0G   0.03906   0.05899   0.07404    0.1721        57       640    0.9401    0.1519    0.2539    0.1888   0.03295   0.05042   0.07245
   245/299        0G   0.04084   0.05481   0.07397    0.1696        51       640    0.9566    0.1519    0.2544    0.1943   0.03101    0.0481   0.07238
   246/299        0G   0.03738   0.04969    0.0733    0.1604        52       640    0.9563    0.1519    0.2542    0.1974    0.0307   0.04855   0.07228
   247/299        0G   0.04039   0.06018   0.07118    0.1717        94       640     0.956    0.1519    0.2548      0.19   0.03093   0.04793   0.07224
   248/299        0G   0.03854   0.04898   0.07416    0.1617        54       640    0.9442    0.1568     0.255    0.1977   0.03116    0.0483   0.07214
   249/299        0G   0.03962   0.05234   0.07238    0.1643        69       640    0.8874     0.168    0.2566    0.2069   0.02947   0.04715   0.07208
   250/299        0G   0.03719   0.05136   0.07234    0.1609        55       640     0.947    0.1566    0.2556    0.1928   0.03189   0.04814   0.07199
   251/299        0G   0.03893   0.05415   0.07044    0.1635        70       640    0.8861    0.1697    0.2569    0.2053   0.02975   0.04672   0.07193
   252/299        0G   0.03668   0.05242   0.07256    0.1617        84       640    0.9501    0.1561    0.2563    0.1993   0.03143   0.04739   0.07183
   253/299        0G   0.04092   0.04964   0.07396    0.1645        48       640     0.755    0.2433    0.2588    0.1994   0.03029   0.04645   0.07178
   254/299        0G   0.03803   0.05316   0.07396    0.1652        71       640    0.8658    0.1789    0.2613    0.1938   0.03166    0.0484    0.0717
   255/299        0G   0.03936   0.05136   0.07345    0.1642        51       640    0.8705    0.1779    0.2626    0.2007   0.03053   0.04665   0.07165
   256/299        0G   0.04131   0.05389   0.07322    0.1684        69       640    0.8723    0.1795     0.262    0.1925   0.03405   0.05036   0.07157
   257/299        0G   0.04175   0.05034   0.07249    0.1646        39       640    0.8728    0.1777    0.2628    0.2015   0.02971   0.04604   0.07154
   258/299        0G   0.03637   0.04901   0.07528    0.1607        52       640     0.762     0.244    0.2638    0.2001   0.03073    0.0467    0.0715
   259/299        0G   0.03771   0.04999   0.07397    0.1617        36       640    0.7613    0.2424     0.263    0.2022   0.02943   0.04535   0.07146
   260/299        0G   0.03718   0.05249   0.07203    0.1617        66       640    0.8559    0.1785    0.2619    0.1887   0.03354   0.04967   0.07142
   261/299        0G   0.03811   0.04849   0.07142     0.158        37       640     0.886    0.1784    0.2622    0.2034   0.03015     0.046   0.07137
   262/299        0G   0.03717   0.05263   0.07268    0.1625        69       640    0.8815    0.1767    0.2638    0.1981   0.03187   0.04895   0.07134
   263/299        0G   0.04098    0.0547   0.06949    0.1652       108       640    0.8711    0.1766    0.2658    0.2094   0.02998   0.04609   0.07133
   264/299        0G   0.03861   0.05668   0.07001    0.1653       109       640    0.8508    0.1781    0.2639       0.2   0.03046   0.04733   0.07128
   265/299        0G     0.037   0.04925   0.07226    0.1585        72       640    0.8712    0.1791    0.2642    0.2074   0.02979   0.04615   0.07122
   266/299        0G   0.03588    0.0453   0.07349    0.1547        22       640    0.8757    0.1778    0.2646    0.2099   0.02968   0.04616   0.07113
   267/299        0G   0.03785   0.04685   0.07286    0.1576        75       640    0.7667    0.2403    0.2651    0.2145   0.02861   0.04541   0.07109
   268/299        0G   0.03799   0.05353   0.07367    0.1652        64       640    0.7528    0.2376    0.2658    0.2141   0.02953   0.04626   0.07097
   269/299        0G   0.03716   0.04885   0.06999     0.156        58       640    0.7549    0.2398    0.2657    0.2172   0.02829    0.0448   0.07091
   270/299        0G   0.03765   0.04659   0.07203    0.1563        22       640    0.7548    0.2406    0.2643    0.2003   0.03109   0.04675    0.0708
   271/299        0G   0.03731   0.04744   0.07306    0.1578        37       640     0.734    0.2615    0.2652    0.1988   0.02969   0.04522   0.07075
   272/299        0G    0.0377   0.05573   0.07104    0.1645        79       640    0.9087    0.1796    0.2669    0.2036   0.03182   0.04758   0.07067
   273/299        0G   0.03947    0.0483   0.07195    0.1597        34       640    0.9118    0.1793    0.2684    0.2152   0.02977   0.04544   0.07066
   274/299        0G   0.03608   0.04746   0.07171    0.1552        26       640    0.9074    0.1794    0.2705    0.2124   0.03009   0.04575   0.07059
   275/299        0G   0.03649   0.04474   0.07245    0.1537        19       640    0.9069    0.1794    0.2702    0.2179   0.02896   0.04488   0.07058
   276/299        0G   0.03681   0.04833   0.07196    0.1571        21       640    0.9025    0.1794      0.27    0.2107   0.02998   0.04644   0.07053
   277/299        0G   0.03877   0.04918   0.07212    0.1601        61       640    0.7438    0.2616    0.2702    0.2179   0.02907   0.04621   0.07049
   278/299        0G   0.03744    0.0468    0.0734    0.1576        26       640    0.7773    0.2605    0.2697    0.2143   0.02962   0.04603   0.07044
   279/299        0G    0.0371   0.05023   0.07057    0.1579        34       640    0.8647    0.1966    0.2712    0.2161   0.02884   0.04504    0.0704
   280/299        0G   0.03911   0.05331   0.07188    0.1643        57       640     0.851    0.1966    0.2703    0.2107   0.02969   0.04565   0.07034
   281/299        0G   0.03676   0.04898   0.06891    0.1546        60       640    0.8366    0.1953    0.2721    0.2191   0.02905   0.04602    0.0703
   282/299        0G   0.03701   0.04831    0.0712    0.1565        40       640    0.8558    0.1933    0.2719    0.2173   0.02988   0.04531   0.07018
   283/299        0G   0.03713   0.04824    0.0723    0.1577        28       640    0.8395    0.1958    0.2723    0.2214   0.02923   0.04561   0.07016
   284/299        0G   0.03678   0.04991   0.07297    0.1597        27       640    0.8513    0.1967    0.2704    0.2112   0.03104   0.04737   0.07011
   285/299        0G   0.03741   0.04623   0.07176    0.1554        16       640    0.8458    0.1965    0.2711    0.2251   0.02839   0.04516   0.07009
   286/299        0G   0.03582   0.04725   0.07186    0.1549        56       640    0.7983    0.2144    0.2705    0.2115   0.03036   0.04507   0.07004
   287/299        0G   0.03697   0.04977   0.07082    0.1576        37       640    0.7958    0.2155    0.2719    0.2081   0.02943   0.04522      0.07
   288/299        0G   0.03668   0.04652   0.07039    0.1536        19       640    0.7922    0.2194    0.2711    0.2052   0.03197   0.04722   0.06995
   289/299        0G   0.03816    0.0472   0.07152    0.1569        34       640    0.7927     0.221    0.2718    0.2153   0.02955    0.0448   0.06995
   290/299        0G   0.03498   0.04717   0.07097    0.1531        46       640    0.8676    0.1828    0.2729    0.2136     0.031   0.04674   0.06993
   291/299        0G   0.03835    0.0507   0.07191     0.161        34       640    0.8686    0.1822    0.2762    0.2102   0.02909   0.04466    0.0699
   292/299        0G   0.03694   0.04781   0.07042    0.1552        44       640    0.7896    0.2173    0.2746    0.1998   0.03184   0.04653   0.06983
   293/299        0G   0.03875   0.05081   0.06964    0.1592        64       640    0.7945    0.2151    0.2755    0.2183   0.02992   0.04501   0.06978
   294/299        0G   0.03625   0.04771   0.07196    0.1559        49       640    0.7924     0.214    0.2749    0.2164   0.02972   0.04486    0.0697
   295/299        0G   0.03693   0.04187   0.07174    0.1505        34       640    0.8265    0.1969    0.2765    0.2199   0.02868   0.04489   0.06964
   296/299        0G   0.03847   0.04449   0.07091    0.1539        52       640    0.8469    0.1918    0.2733    0.2107   0.03132   0.04615   0.06954
   297/299        0G   0.03595   0.04501   0.07211    0.1531        39       640    0.8338    0.2089    0.2746    0.2164   0.02999   0.04612    0.0695
   298/299        0G   0.03641   0.04918   0.07009    0.1557        19       640    0.8334    0.2061     0.273    0.2163    0.0302   0.04563   0.06942
   299/299        0G   0.03882   0.05351   0.07082    0.1632        41       640    0.8329    0.2092    0.2735    0.2216   0.02838   0.04464   0.06939
