43 0.081250 0.074537 0.109375 0.080556
46 0.183073 0.093056 0.079687 0.037963
5 0.346354 0.640741 0.051042 0.140741
6 0.390104 0.617593 0.046875 0.138889
9 0.431771 0.594907 0.045833 0.145370
9 0.469792 0.570370 0.044792 0.137037
35 0.507812 0.544907 0.044792 0.125000
32 0.544010 0.525926 0.040104 0.137037
16 0.579167 0.501389 0.038542 0.130556
18 0.612240 0.485185 0.036979 0.129630
18 0.645052 0.466667 0.035937 0.131481
20 0.676042 0.448148 0.036458 0.125926
22 0.705990 0.430556 0.035937 0.125926
27 0.735677 0.415278 0.033854 0.121296
27 0.765885 0.396296 0.032813 0.118519
2 0.793229 0.384722 0.032292 0.121296
59 0.697135 0.606944 0.132812 0.095370
