37 0.081250 0.073611 0.105208 0.073148
45 0.180469 0.093519 0.077604 0.038889
27 0.382031 0.570370 0.044271 0.135185
28 0.421354 0.549537 0.043750 0.130556
29 0.459375 0.527315 0.042708 0.128704
5 0.495833 0.504630 0.040625 0.122222
6 0.531771 0.487963 0.037500 0.125926
7 0.564844 0.467130 0.036979 0.125000
1 0.597656 0.446296 0.036979 0.120370
2 0.630208 0.428241 0.036458 0.113889
3 0.660677 0.411574 0.032813 0.115741
11 0.689583 0.393981 0.030208 0.113889
13 0.718229 0.375000 0.031250 0.112963
18 0.746615 0.362963 0.030729 0.111111
18 0.773438 0.344907 0.027083 0.108333
57 0.669531 0.605093 0.124479 0.110185
