37 0.080469 0.075463 0.107813 0.078704
45 0.180990 0.092593 0.078646 0.037037
10 0.373177 0.594444 0.045312 0.135185
10 0.413281 0.571296 0.047396 0.133333
10 0.454167 0.549074 0.042708 0.131481
14 0.490625 0.529630 0.042708 0.131481
22 0.526563 0.506481 0.039583 0.127778
22 0.560156 0.486574 0.039062 0.126852
26 0.594792 0.468056 0.039583 0.125000
4 0.626563 0.451389 0.036458 0.125000
7 0.658594 0.431944 0.035937 0.117593
8 0.688802 0.416204 0.034896 0.113889
9 0.718490 0.400463 0.033854 0.112037
35 0.748177 0.384259 0.032813 0.111111
36 0.776823 0.369444 0.031771 0.112963
18 0.803646 0.359259 0.028125 0.109259
60 0.686719 0.609722 0.138021 0.104630
