11 0.391406 0.602315 0.044271 0.132407
13 0.431771 0.578704 0.042708 0.137037
17 0.470833 0.557407 0.042708 0.125926
17 0.508854 0.534722 0.042708 0.132407
8 0.543229 0.513889 0.043750 0.124074
32 0.578385 0.494444 0.039062 0.133333
20 0.611458 0.471759 0.039583 0.119444
21 0.642448 0.456481 0.035937 0.122222
23 0.672917 0.437963 0.034375 0.118519
24 0.703646 0.421759 0.034375 0.123148
26 0.733073 0.404630 0.034896 0.124074
26 0.760938 0.392130 0.033333 0.115741
28 0.787760 0.375463 0.029687 0.112037
58 0.689063 0.603241 0.141667 0.099074
37 0.080208 0.074074 0.107292 0.074074
45 0.181771 0.094444 0.077083 0.031481
