10 0.367708 0.591204 0.045833 0.145370
10 0.409635 0.570833 0.047396 0.145370
10 0.449219 0.549074 0.040104 0.129630
19 0.486979 0.525463 0.040625 0.134259
22 0.525781 0.507870 0.040104 0.130556
26 0.560937 0.487037 0.033333 0.125926
0 0.592187 0.463889 0.035417 0.122222
4 0.624740 0.450463 0.038021 0.113889
8 0.657031 0.428704 0.034896 0.118519
9 0.687760 0.415278 0.033854 0.113889
32 0.715365 0.399074 0.033854 0.112963
33 0.742969 0.384722 0.033854 0.110185
35 0.771094 0.370370 0.032813 0.107407
60 0.686719 0.609259 0.136979 0.116667
37 0.080729 0.074074 0.104167 0.079630
45 0.181771 0.093056 0.076042 0.041667
