38 0.080729 0.074537 0.107292 0.078704
45 0.181250 0.093519 0.078125 0.037037
29 0.354948 0.620833 0.048438 0.141667
28 0.396354 0.598148 0.048958 0.135185
28 0.436198 0.572685 0.047396 0.141667
27 0.476042 0.549537 0.045833 0.139815
26 0.513021 0.523148 0.041667 0.135185
24 0.548438 0.505093 0.040625 0.130556
3 0.582292 0.486111 0.039583 0.127778
6 0.616406 0.468519 0.035937 0.127778
8 0.647396 0.447685 0.036458 0.121296
8 0.677344 0.430556 0.035937 0.120370
18 0.707031 0.413426 0.032813 0.121296
19 0.736198 0.398148 0.031771 0.118519
19 0.765104 0.384259 0.031250 0.116667
56 0.681771 0.609259 0.131250 0.107407
