37 0.081510 0.074074 0.106771 0.077778
45 0.180729 0.092593 0.077083 0.035185
10 0.359896 0.597685 0.047917 0.143519
10 0.401042 0.577315 0.045833 0.136111
10 0.440365 0.552315 0.043229 0.132407
22 0.479167 0.531481 0.042708 0.125926
22 0.515885 0.508333 0.039062 0.124074
26 0.551042 0.489352 0.040625 0.121296
4 0.586198 0.471296 0.039062 0.122222
7 0.618229 0.452778 0.038542 0.120370
8 0.650521 0.436574 0.036458 0.123148
9 0.680990 0.417130 0.034896 0.113889
33 0.710677 0.401389 0.032813 0.113889
35 0.738802 0.385648 0.030729 0.110185
36 0.765625 0.371759 0.032292 0.112037
14 0.795312 0.357407 0.032292 0.107407
60 0.684896 0.609259 0.137500 0.105556
