37 0.080990 0.073148 0.107813 0.085185
45 0.181510 0.093519 0.080729 0.037037
33 0.344792 0.628704 0.047917 0.135185
14 0.386979 0.604630 0.051042 0.142593
17 0.429167 0.582407 0.047917 0.129630
17 0.469271 0.559259 0.044792 0.131481
17 0.505990 0.538426 0.043229 0.134259
19 0.541406 0.515741 0.040104 0.127778
0 0.576302 0.496296 0.040104 0.129630
4 0.609635 0.475463 0.034896 0.123148
6 0.640885 0.456019 0.036979 0.119444
8 0.672135 0.440278 0.033854 0.123148
22 0.701562 0.421759 0.034375 0.117593
23 0.731771 0.406481 0.031250 0.116667
24 0.759896 0.389815 0.032292 0.111111
24 0.787760 0.371759 0.030729 0.110185
59 0.695833 0.608333 0.133333 0.105556
