37 0.080469 0.075000 0.105729 0.075926
45 0.180729 0.093981 0.076042 0.037963
11 0.367448 0.622685 0.046354 0.134259
13 0.407552 0.603241 0.048438 0.134259
13 0.447917 0.576389 0.044792 0.126852
17 0.485156 0.556944 0.044271 0.134259
17 0.521615 0.531481 0.041146 0.127778
20 0.556771 0.512037 0.038542 0.127778
20 0.590885 0.490741 0.036979 0.124074
23 0.623698 0.470833 0.036979 0.121296
23 0.654167 0.452315 0.032292 0.115741
28 0.685156 0.434259 0.033854 0.114815
26 0.714063 0.418056 0.031250 0.113889
26 0.742708 0.401389 0.033333 0.108333
30 0.770312 0.385648 0.029167 0.104630
58 0.689583 0.603704 0.140625 0.098148
