30 0.416927 0.584259 0.043229 0.129630
30 0.455729 0.563426 0.043750 0.132407
30 0.494531 0.539352 0.043229 0.125000
24 0.532552 0.518519 0.040104 0.125926
23 0.566146 0.500000 0.039583 0.129630
17 0.600260 0.478704 0.036979 0.124074
16 0.632552 0.459259 0.036979 0.118519
14 0.664062 0.443056 0.033333 0.121296
3 0.695573 0.425463 0.035937 0.115741
3 0.724740 0.409259 0.032813 0.116667
25 0.753125 0.392130 0.029167 0.112037
37 0.080990 0.075463 0.105729 0.076852
45 0.180469 0.093056 0.078646 0.043519
56 0.682031 0.607407 0.130729 0.103704
