39 0.077865 0.071296 0.106771 0.077778
46 0.180469 0.091204 0.079687 0.037963
35 0.345052 0.638889 0.048438 0.140741
34 0.387760 0.602778 0.049479 0.174074
13 0.431250 0.592593 0.046875 0.133333
18 0.471875 0.568981 0.044792 0.143519
24 0.511719 0.546296 0.044271 0.137037
26 0.548177 0.525926 0.041146 0.137037
0 0.584896 0.505556 0.041667 0.135185
3 0.620052 0.485185 0.041146 0.125926
4 0.654167 0.470833 0.037500 0.132407
9 0.685937 0.452315 0.036458 0.121296
31 0.718490 0.432407 0.035937 0.112963
32 0.749740 0.418519 0.034896 0.118519
33 0.778646 0.403704 0.032292 0.116667
35 0.807031 0.387963 0.029687 0.114815
62 0.682031 0.601389 0.120313 0.087963
