39 0.078385 0.070370 0.107813 0.079630
46 0.179167 0.089815 0.077083 0.038889
21 0.319010 0.601852 0.048438 0.138889
23 0.360417 0.578241 0.048958 0.137963
23 0.399479 0.553704 0.045833 0.138889
12 0.439583 0.526389 0.046875 0.123148
13 0.475781 0.507870 0.042188 0.121296
15 0.513021 0.485648 0.039583 0.121296
4 0.546875 0.468981 0.038542 0.126852
1 0.579167 0.450463 0.038542 0.125000
1 0.612240 0.428241 0.034896 0.117593
30 0.643229 0.411574 0.034375 0.113889
34 0.673698 0.395370 0.033854 0.116667
36 0.701562 0.378704 0.032292 0.114815
29 0.730208 0.365741 0.032292 0.118519
23 0.757292 0.349537 0.032292 0.110185
55 0.669792 0.598148 0.139583 0.103704
