37 0.082031 0.075000 0.106771 0.077778
45 0.181250 0.092130 0.079167 0.032407
30 0.424740 0.580556 0.044271 0.125926
30 0.465365 0.558796 0.044271 0.132407
30 0.503906 0.536574 0.039062 0.128704
25 0.539323 0.516667 0.039062 0.127778
23 0.575260 0.493519 0.039062 0.122222
17 0.609115 0.477315 0.036979 0.121296
16 0.642188 0.458333 0.035417 0.125926
14 0.672917 0.441204 0.034375 0.121296
3 0.703125 0.425463 0.032292 0.121296
3 0.732552 0.406019 0.032813 0.110185
20 0.762240 0.389352 0.030729 0.108333
56 0.686719 0.609259 0.135937 0.105556
