38 0.081510 0.072222 0.108854 0.079630
45 0.181771 0.093056 0.079167 0.037963
19 0.391146 0.563426 0.044792 0.132407
0 0.430469 0.543056 0.046354 0.134259
0 0.467708 0.519444 0.047917 0.124074
1 0.504948 0.498148 0.043229 0.127778
3 0.539323 0.479167 0.042188 0.125000
23 0.573958 0.457407 0.039583 0.116667
25 0.606510 0.441667 0.038021 0.120370
26 0.638281 0.422685 0.034896 0.119444
30 0.667969 0.405556 0.034896 0.114815
30 0.697917 0.388889 0.032292 0.112963
36 0.726302 0.374074 0.032813 0.111111
7 0.753385 0.355093 0.029687 0.108333
11 0.780729 0.341204 0.030208 0.106481
57 0.667969 0.602315 0.123438 0.112037
