39 0.079427 0.070370 0.107813 0.079630
46 0.178906 0.091204 0.075521 0.041667
35 0.367708 0.621296 0.046875 0.137037
10 0.409115 0.597222 0.048438 0.137037
13 0.450781 0.574537 0.047396 0.136111
18 0.489583 0.549537 0.044792 0.130556
24 0.527344 0.529630 0.043229 0.133333
26 0.563802 0.510185 0.039062 0.129630
0 0.598958 0.492593 0.040625 0.125926
3 0.632812 0.474074 0.038542 0.125926
4 0.666146 0.453241 0.036458 0.123148
9 0.698438 0.435648 0.036458 0.119444
31 0.728646 0.421759 0.034375 0.121296
32 0.758854 0.402315 0.033333 0.121296
33 0.787500 0.389815 0.031250 0.111111
62 0.684375 0.602315 0.123958 0.095370
