43 0.080729 0.073148 0.108333 0.085185
46 0.182031 0.094907 0.079687 0.041667
22 0.384635 0.586111 0.043229 0.137037
22 0.423698 0.563889 0.044271 0.140741
28 0.460417 0.540741 0.043750 0.138889
29 0.498177 0.518519 0.040104 0.135185
1 0.532813 0.494907 0.039583 0.134259
2 0.565625 0.479630 0.038542 0.137037
3 0.598177 0.456944 0.035937 0.121296
17 0.627083 0.439352 0.034375 0.121296
19 0.658594 0.422685 0.038021 0.119444
34 0.689844 0.396759 0.034896 0.136111
7 0.719271 0.390741 0.031250 0.116667
8 0.744792 0.373148 0.032292 0.107407
29 0.771615 0.357407 0.030729 0.107407
33 0.797135 0.340741 0.029687 0.105556
61 0.686979 0.603241 0.130208 0.110185
