38 0.080208 0.074537 0.106250 0.078704
45 0.181250 0.093519 0.080208 0.046296
19 0.390104 0.562963 0.046875 0.135185
0 0.430469 0.539815 0.043229 0.127778
0 0.467448 0.521759 0.043229 0.128704
1 0.503906 0.497685 0.043229 0.126852
3 0.539583 0.479167 0.040625 0.125000
23 0.574219 0.459259 0.038021 0.122222
25 0.607031 0.438426 0.034896 0.119444
26 0.638281 0.421296 0.036979 0.116667
30 0.669010 0.404167 0.036979 0.117593
30 0.698958 0.389815 0.032292 0.118519
36 0.727083 0.373148 0.031250 0.112963
7 0.754167 0.357407 0.031250 0.112963
11 0.780208 0.341204 0.029167 0.113889
9 0.805469 0.325463 0.029687 0.110185
57 0.667188 0.605556 0.117708 0.105556
