32 0.329948 0.594444 0.048438 0.137037
13 0.371354 0.568981 0.046875 0.130556
15 0.411198 0.547685 0.044271 0.130556
23 0.448437 0.524537 0.042708 0.132407
30 0.485417 0.502315 0.044792 0.132407
1 0.519271 0.479630 0.039583 0.127778
1 0.553385 0.460648 0.038021 0.123148
23 0.585156 0.439352 0.035937 0.112037
34 0.615885 0.419444 0.039062 0.144444
36 0.647396 0.403241 0.031250 0.119444
12 0.676823 0.387963 0.036979 0.114815
4 0.706510 0.368981 0.029687 0.108333
29 0.733594 0.356481 0.029687 0.109259
21 0.760938 0.342593 0.032292 0.098148
39 0.078646 0.070370 0.111458 0.079630
46 0.179427 0.092130 0.076563 0.034259
55 0.667448 0.595833 0.140104 0.112037
