37 0.081250 0.074537 0.106250 0.080556
45 0.181510 0.092593 0.077604 0.035185
20 0.350781 0.639815 0.047396 0.135185
21 0.392708 0.616667 0.048958 0.127778
21 0.432552 0.588889 0.046354 0.131481
22 0.471615 0.568519 0.046354 0.129630
23 0.509375 0.539352 0.041667 0.126852
24 0.545052 0.519444 0.042188 0.125926
2 0.580469 0.496296 0.038021 0.124074
3 0.614062 0.480093 0.036458 0.125000
13 0.646875 0.459259 0.035417 0.118519
15 0.679688 0.438889 0.035417 0.112963
17 0.709896 0.422685 0.032292 0.113889
18 0.739583 0.406944 0.032292 0.110185
19 0.768490 0.393519 0.029687 0.112963
9 0.796094 0.373148 0.030729 0.107407
62 0.670052 0.615741 0.127604 0.109259
