43 0.081510 0.075463 0.108854 0.080556
46 0.182552 0.093981 0.078646 0.039815
0 0.368750 0.545370 0.045833 0.129630
2 0.409375 0.523148 0.045833 0.129630
6 0.447396 0.506944 0.044792 0.132407
7 0.485156 0.487500 0.043229 0.130556
8 0.520312 0.465741 0.037500 0.129630
21 0.554688 0.446759 0.040625 0.123148
22 0.586458 0.427315 0.038542 0.119444
23 0.618229 0.411574 0.032292 0.123148
24 0.648177 0.396296 0.034896 0.122222
11 0.677344 0.377315 0.033854 0.121296
13 0.706250 0.362963 0.034375 0.118519
30 0.733073 0.344907 0.030729 0.112037
30 0.759635 0.329630 0.031771 0.103704
57 0.664844 0.598148 0.117188 0.112963
