38 0.080729 0.075000 0.107292 0.081481
45 0.182552 0.093056 0.080729 0.037963
0 0.372135 0.537500 0.043229 0.126852
0 0.408854 0.520370 0.044792 0.125926
1 0.447656 0.497685 0.043229 0.126852
3 0.484896 0.477778 0.038542 0.124074
11 0.519792 0.459259 0.040625 0.120370
12 0.553385 0.439352 0.038021 0.121296
23 0.585417 0.425000 0.036458 0.127778
25 0.616406 0.406944 0.035937 0.123148
26 0.647396 0.388426 0.033333 0.117593
30 0.676042 0.373148 0.033333 0.116667
30 0.705208 0.357407 0.032292 0.116667
7 0.732031 0.342593 0.028646 0.116667
9 0.758073 0.327778 0.028646 0.114815
10 0.784115 0.313426 0.028646 0.112037
57 0.671875 0.603704 0.129167 0.114815
