37 0.080729 0.073611 0.105208 0.076852
45 0.180990 0.093519 0.080729 0.033333
30 0.426563 0.579167 0.040625 0.128704
30 0.466146 0.560648 0.045833 0.137963
30 0.504427 0.535185 0.042188 0.131481
24 0.541406 0.515278 0.042188 0.132407
23 0.576823 0.492130 0.041146 0.125000
17 0.610938 0.475463 0.039583 0.123148
16 0.643750 0.455093 0.036458 0.121296
14 0.675781 0.437037 0.035937 0.116667
3 0.706771 0.421759 0.033333 0.112037
3 0.736198 0.405556 0.032813 0.114815
31 0.764062 0.388889 0.033333 0.116667
56 0.680469 0.608796 0.126562 0.112037
